1390	1165
415	4100	1883	475	135	1309	334	88
413	478
3326	3729	3719	4082	2904	3646	3890	3497	2229	1680	478
3205	478
3177	2123	1631	2992	1482	2960	1442	2974	1835
1125	3361	1634	487
1284	1433
1284	1232
3117	1115	2220	2090	177	225	3363	3596	3232	3802	3343	1652	1821	1026	747	1399	1102	2396	110	1272	4519	1356	4511	160	1395	2289	3339	4478	4103	2250	4178	1201	3322	532	325	3915	780	3737	1699	3274	302	4259	1772	2091	2058	881	2225	2083	2092	2093	1612	842
1947	2063	1794	1735
1518	4214
1841	1666	2173	2096	1211	1700	1973	2167	1078	3532	2168	1543
1404	1325	1994	2407	1515	3292	1207	3294	1105	3239	4505	916	998	1874	3295
1051	1787	395
1051	1588	1458	395	1813	1797	919
1051	1210	1234	1924	1071	1100	1331	2001	395	1793	727	1510	1132	789	1019	482	1820
1843	4199	1589
4190	2811	2910
1096	654	2288	4525	336	3068	269	4228	2274	4180	3149
1096	654	2309	4004	336	1563	3068	4228	2274	2216	2432	4180	3149
3068	4228	2274
3068	4228
3522	4177	4462	2427	2132	3597	939	4173	2390	4468	1633	3291	2127	2417	2248	2637	327	124	4469	3723	303	2707	2393	1351	1221	1914	205	134	2469	724	2437	1623	1493	2217	144	4094	178	128	541	165	2929
3378	3522	4177	4462	2427	2132	3597	939	1427	4173	2390	399	397	4166	4468	1633	2469	3291	3751	2127	2417	2248	421	2637	327	124	4469	218	3723	303	416	428	926	2707	2393	235	3886	242	1351	1221	1737	205	133	134	1914	724	2437	1623	1493	1590	2217	144	3808	4094	178	128	541	165	2929
3378	3485	3522	4177	4462	2427	2132	744	431	3597	939	1427	4173	2390	399	397	2089	4468	1633	2469	233	4406	3808	3291	4165	3751	1784	2127	55	2417	2248	421	2637	327	124	2478	4469	218	3723	4496	303	428	265	926	2433	2482	4355	2707	2477	2393	4125	4236	242	1351	366	3927	1221	1737	205	133	134	302	724	1914	1623	1493	1590	2217	144	2283	2437	154	2821	178	3195	2083	3546	4094	128	541	165	2929	4415
3485	3522	1052	2418	2297	3528	4177	4462	431	4173	939	1427	4124	2628	40	4468	1633	4406	3291	4165	3751	1784	2127	1875	2248	3665	4499	327	124	4469	218	4496	303	416	926	2433	2456	2482	4042	4355	2393	317	2285	242	1351	366	2513	1346	398	2987	2469	205	133	134	3019	757	2437	1623	1590	2217	3195	3808	3927	178	2083	128	541	165	301
3522	4177	1052	3528	2297	4462	4173	939	1427	4124	2628	40	4468	3291	4165	3751	2127	1875	2248	3665	327	124	4469	218	4496	303	2433	926	2393	317	242	398	2987	2469	205	134	757	1182	1623	1590	2217	2437	3808	178	128	2352	541	165	301
4177	1052	3528	2297	4462	4173	939	1427	4124	4166	2628	4468	1633	3291	4053	4165	1875	2248	3665	327	124	4469	218	303	2433	926	4042	2393	317	242	398	2469	205	134	757	2437	1623	1590	2217	3808	178	128	541	165	301
267	575	264	171	3726	3875	105	939	1427	1651	618	188	1633	401	3291	2311	3751	1784	2491	2835	181	194	124	4530	303	2433	265	4355	781	2707	300	1351	4492	4252	2223	1431	2492	1030	4035	134	757	2437	1623	2217	4223	4407	4113	330	2360	541	89	301	4034	262
4462	264	171	249	939	1427	1651	618	188	1633	401	4513	3291	2311	3751	1784	304	2491	2835	181	4438	194	124	4530	303	2433	265	3110	4197	4355	781	2707	4472	300	1351	4492	331	4252	4412	2223	1431	2492	1030	4035	134	757	2437	1623	4407	4113	2083	4158	4408	330	2315	541	89	2360	301	4034	262
2492	4203	4035	303	757	2437	1623	3751	2491	1427	1351	330	541	89	4078	301	4034	262
3373	4416	514	289	1089	4497	4163	4047	286	291
415	258	356	3515	691	1802
1630	1350	4198
1677	83	328	1767	2326
3134	569	3135	478
3527	3418	3356
803	1137	2172	795	787	2062	4386
2342	2318	641
3948	2000	429
721	4225	1966	2377
1933	3656	2147
1933	940
2684	2708	941	3461	3043	709	469	2772	3074	728	1902	1108	2780	3460	2824	648	4006	3804	3548	2682	1458	1196	3535	657	656	2738	869	1045
4148	4060
2145	2606	3636	852	2196	4161	10	4473	438	585	3878	526	914
596	1620	3592
1250	1251	1443	1884
1250	1984	1377	1353	867	1251	776	1057
1166	3858
1116	1163	1718	1747	1471	1732
3131	3132
4335	4364	4334	4338	4388	4363	4347	4359	4371	4349	4362	4348
4351	4335	4350	4352	4353	4349
4170	4171
1902	1485	487
2205	3438	2916	115	3021	368	3538	2136	1616	3022	3023	382	2920	480	3491	799	3537	1919	2550	4230	3268	320	164	4514	339	4399	3245	3024	2481	392	1149	4219	2948	2326	3285	3539	2692	1167	3809	329	4031	3045	4209	1197
1926	3646	1832	1825	2967	1797
1926	3646
929	2107	635	1034	868	2076	1862	2046	1701	1283	1606
1606	222
1652	800
334	494	478
386	212	478
2010	2503	2511	2479	4040	1845	2441	206
476	1445	823	1783	3082	629
166	307	4440	1751	321	106	287	4080	2339	346	80	139	310	64	224
2101	3150	1996
2079	3820	730	1448
3771	3006	2999	3923
140	216	3938	819	167
2493	2494	121	2998
3309	1562
4413	3309	1562	2431
1062	2010
3111	453	418	334	370
1795	732	453	1006	334	370
4065	3939	2250	46	3216	3412	4478	207	2396	4476	3363	1572	3623	4519	2083	3339	160	3624	1699	3802
228	305	4241	210	2279
1663	2346	472
837	1902
1340	1951	1458	687	395	1943
2653	2652	4089	3872	4068
922	1607	1332	1040
566	2981	157	4231	404	4494	176	383	834	1816	4434
3783	4049	2335	2389	692	68	4250	2336	3919	4427	48	4457	2414	58	4136	3703	3850
3783	4049	2335	2389	692	68	4250	2336	3919	4427	48	4457	2414	58	4136	4120	4183	3703	3850
3783	4049	2335	2389	2336	861	3919	2414	4120	4183	3703	3850
3588	172	4446	106	3587	2012	4528	4419	3572	843	1931	4055	130	2783	4410	3589	276	4215	2420	4080	1692	1296	25
3588	3782	1144	172	3784	3940	2696	106	1127	3238	1222	1741	4528	1531	843	130	2616	778	3534	1081	2698	1757	777	1190	1296	1029	4446	1527	1661	3587	1529	2084	458	3176	4419	683	2783	3500	3932	2420	3059	1326	501	1384	1701	1345	524	1361	1801	1972	3144	2082	918	3594	891	1128	2565	1958	2980	3511	1349	1865	3264	3711	1725	1586	4410	3589	4215	4080	988	625	3694	25	4017	608	699	3625	4000	3056	949	1805	2054	2012	1856	3572	1679	1494	4055	1416	994	276	812
4446	4215
4528	4410	4215	1081	3572	2420	4419	843	4080	172	4446	4055	130	2012	2783	1296
4446	4055	1416
4446	4055
4215	3572	4446	4055	1296
4528	4080	4446	4055
4244	829	3235	1919
4053	4525	1919	1692	3235
1282	2268	2483	3235	316	102	1919	1809	2471	2498	3168	1692	1767	4435	308	2929	43	1065
2268	2483	3235	316	102	1919	1809	2471	1692	1767	4435	2929	43	1065
2268	1919	2471	1767	3235
2268	2483	3235	316	102	1919	1809	2471	3168	1692	1767	4435	43	1065
1065	2483	2204	4525	1919	102	1809	3168	1692	2929	43	1282
3235	1919	3168	1692	1767	4435	1282
2483	3235	316	102	1919	1809	3168	1692	1767	2929	43	1065
1919	3235	1767
2366	1479	2208	1919	3168	4435	1282
4244	4462	1130	4333	224	3494	1744	1697	2037	52	2937	3646	2195	55	2248	308	345	102	2365	3938	86	4236	2207	2929
1333	991
3282	2000
2235	3396	3265	3255
3835	3837	3836	3228	1269	3632	2543	3666	3643
375	258	127
964	1802	3420	732
2228	2218
3662	3607	2836	2778	3637	3961	3854	3124	3735	3811	1155	3106	1107	3657	3101	883	3057	2805	3635	3105	2612	3648	3348	2527	3223	3683	2766	2610	3700	3610	3885	3102
4096	4049	4213	4136
2463	2258
2463	4483
1480	722	1766	1174	1438
3662	1368	3863	2836	650	3561	4003	1646	3574	1812	3543	3143	3559	765	3278	3811	3950	2701	3108	3101	2805	1480	3568	3573	3105	2804	3860	3861	3271	3521	3348	3411	3220	3862	2766	3558	2118	3571	816	3865	3576	722	3961	989	3166	3864	1155	1107	2087	2564	3377	3097	1913	2632	582	1610	2815	2612	3100	1209	1521	2678	950	2527	2710	3570	3683	1060	3270	3076	1174	3607	2778	3222	3945	672	1400	3124	3254	1761	3560	3657	3300	3569	3798	3562	3566	1476	3029	3635	3163	3648	3446	3859	2639	3273	2040	3223	3298	3575	2610	3610	3885	1567	3866	3152	1183	3637	3079	3854	3735	3221	3106	3661	2853	703	3701	883	3102	2843	3057	3070	3156	3857	2115	1979	1013	1858	1146	3567	3577	3700	1438	1178	2455
1480	4152
1480	2982	722	1766	1174	1438
3304	2993	4152
2578	2204	742	3320	1230	2182	636	1019	3641
4045	41	2042	1973	4193	4425	2280
2721	2690	2688	2860	2938	3197	2847	4011	4014	2553	3190	2679	2691	4015	3191	3765	2934	2873	4013	3194	3426	2724	2944	3196	4016	4008	3952	3764	4010	2798	2957
4198	1977	1946	1499	1550
658	1952	201	332	1706	744	2132	1427	4101	2476	3743	2390	2497	3310	561	2333	4468	1609	4444	424	4516	409	4026	3672	3751	2149	1864	2209	55	4475	1937	2248	1540	327	1472	1998	4186	218	708	2322	4178	1459	211	926	219	920	1411	2353	213	2110	49	2393	4176	1117	1351	2471	1660	4107	4189	1728	3895	4240	1760	1914	205	134	768	1590	2331	154	4094	4477	128	4059	4508	4155	2929	72	4415	132
658	201	332	207	1706	2132	30	1427	2476	3743	2390	280	2497	2333	4468	4444	4029	4516	409	4026	3672	3751	2149	1864	55	1937	2289	327	1472	1998	4186	218	2322	1459	211	926	219	1411	2353	2110	49	61	2393	1117	1351	2471	1660	4107	4176	1728	3895	4240	1760	3768	1914	205	134	1590	2331	4094	281	123	128	282	4155	2929	72	132
2480	658	201	332	207	1706	2132	1427	2476	3743	2390	2497	561	4468	4516	409	4026	3672	432	2149	2209	3751	55	1937	604	2248	327	1472	1998	4186	218	2270	2322	1459	211	926	219	1411	2353	2110	49	2393	1117	1351	2471	1660	4107	1728	3895	4240	1914	205	134	1590	2331	4094	281	128	282	4155	3775	2929	72
201	2132	1427	2476	3743	2390	2497	4468	409	4026	3672	432	3751	55	1937	1472	327	4186	218	2322	1459	926	219	2110	2393	1351	2471	1660	4107	1728	3895	4240	1914	205	134	1590	4094	128	4155	2929
201	2132	1427	2476	3743	2390	2497	4468	409	4026	3672	3751	55	1472	327	218	2322	1459	926	219	2110	2393	1351	2471	1660	4107	3895	4240	1914	205	134	1590	4094	128	4155	2929
2449	2348	207	3204	177	225	3796	283	1864	3768	281	4189	282	557	280	3339	4435	2289	3708	1890
2348	4312	248	137	208	557	4435	3339	4110
294	295	4322	1904	1302	4160	296	4110	292	2717	876	4435	1266	557	2153	2348	896	369	373	293	248	3339
4435	3339
658	294	295	4322	1904	1302	296	4160	4110	292	2717	377	876	4435	1266	557	604	2153	2348	153	2387	896	369	373	293	248	3339
4435	2406	2348	3339
2348	557	4435	3339	208
2419	914	4161
924	1773
1652	1768	1363	3215
2421	2306
1362	2319	841	712	1385	2193	3054	1703	3504
1204	3064	2590	3080	1785	1927	3745	1444	3997	1016	1314	2969
2900	2818	2777	2588	2797	2520
2578	60
2578	1014
964	1175
1303	1878	1902	1481	640	1007
3415	3849	3051	1746	1189	3544	615	3730	763	3540	3524	1226	2644	3315	2605	804	2560	3324	3542	3767	1941	3658	533	3976	2098	3330	637	2184	611	3547	3413	3545	3519	3787	1134	3541	3788	849	1263	3327	3852	3331	3728	3731	2779	3153	3329	3414	2931
2904	2807	2834
1583	2086
3816	3732	1220	3724	2140	3311	3941	2142	1711	2141	1973	4055	1042	3741	3733	3243	3720	3739	2008	3718	1271	749
1974	4043
375	832	1873	1713
1743	3382	3556	3269	3750	3960	2994	477	2467	2996	3959	3882	3881	624	3208
2800	1523	2855	2074	2856	735	1380	1122	2852	1033	1827	2863	2857
1254	3629	1217	1275	3109	3982
1267	3853	1827
1557	1429	1456	3675	1887	3897	1690	3430	1882	3139	3125	2043	3141	3432	3684	1131
3335	1658	3090	3369	3992	3620	3137	3910	1750	3993	3138
3288	3179	3712	2188	3279	3012	3806	3957
3165	3162	3167
3746	2116	2181
3906	4485
4485	242	641	694
2399	1778
841	4534	4520	1558	197	557	4431
641	4535	3234	4454	146
3443	1642	1192	1495	1284	1330	1847
1973	3037
2872	2765
4225	4518
520	3715	3475	4424	4051	662	2874	290	4137	175	2317	2357	2392	2587	4420	1612	284
591	4499
1458	3283	2120	3406	4479	4470
403	1458	3283
1233	1270	3803	2784	3082	4167	2429	677	711	1752	3649	979	2781	2786	3930	890	1584	1397	967	1158	2510	1687	1458	2034	395	138	2782	3776
1648	3121	3442	1340	4067	1469	996	104	3466	3439	1909	3599	3440	3470	3036	3189	2075	1491	3601	3441	1838	3663	3123	797
1039	1806	600	878	1548	1971	3000	1284	874	1005
1626	1624
85	4465	240
2236	2718	3791	3505	3055	2647	2952	2029	2604	3944	581	3892	2648	1565	2712	3801	2448	3325	2795	3063	3482	3754	3498	2073	239	2828	2902	2072	3289	4069	646	2307	3017	3207	2817	3593	2776	2973	3841	3984	2727	1343	3347	2737	2559	2669	2674	3856	2871
1340	838	1284	1435	1489	1507	1228
3378	1533	3522	1052	2132	431	2329	939	1427	4173	4333	430	2628	40	2333	1633	3751	1784	2937	1850	1875	215	2248	421	3665	327	218	416	428	926	2433	219	4178	2393	1645	242	2471	4518	1914	205	3808	1590	2283	4094	178	2352	427	165	50	4415
3378	2312	3522	1052	201	2418	342	2132	431	2329	939	1427	4333	2390	430	2628	2089	4166	40	2333	1633	4467	4468	2246	4116	424	4108	3751	2446	2937	1850	1875	55	36	2417	215	2248	421	1753	327	3665	218	2270	428	2219	926	2433	219	4042	4178	213	385	2393	317	1645	4179	4236	86	242	1855	2081	2247	2471	4453	4518	1992	1914	205	134	3808	1590	2208	2283	4094	178	163	128	2352	541	427	165	50	4415
1052	4105	2329	939	1427	2628	1633	4116	2446	1875	215	2248	1753	3665	327	218	2433	926	219	2393	317	4179	242	1855	4518	205	3808	1590	2283	178	163	2352	165
1052	939	1427	2628	1875	215	2248	3665	327	218	2262	2433	926	2393	1645	242	1855	4518	1914	205	3808	1590	2283	4094	178	2352
3522	1052	2132	431	4173	939	1427	2628	1633	3751	1875	215	2248	3665	327	218	926	2471	4518	205	178	2352	165
1662	1286	1313	1335	1973	1355	1569
1153	1232	1822
2243	4479	2413	2440	4207	4095
2440	4207	4095
1329	3727	1926
3148	2305	1480	692	3203	4226	244	2367	3703	1124	4235	1334
3634	1048	621
2614	840	3424	3425	3469	1587	720	3929	3030	3928	1712	1315	3914	1621	1689	3423
840	4491	1712	2557
1460	1054	1560
2883	2882	2887	2881	2886	2884	2888
1869	3669	3670	1575	3668	3671
4092	452	3180	4079
1032	1408	484	937
95	1047	1059	3181	4421	3478	299	2070	3237	3705	1616	3236	3979	4489	1613	480	1255	1195	2068	2278	2593	4224	3126	4227	3240	4481	1647	347	1778	164	2014	3186	3503	997	2069	981	3408	3770	2386	1152	174	162	3454	3214	2570	2753	4119	3407	2733	4102	4007	2830	4428	3349	2551	329	3898	2732	4506	3502	2275	2017	443
1669	3181	3233	1188	2663	3478	1684	2862	2833	480	1771	2068	2593	2759	2602	2014	2069	981	3408	2517	174	3275	4102	2689	2686	3349	2869	2792	2275	2552	443
2014	2574	2631	2562	981	3065	1019
1442	1424
2541	2734	4501	2670	2785	2608	3182	2174	3585	3206	2650	2768	1293	3081	848	3034	3417	1831	2907	2524	3114	2540	3921	3305	2470	2595	4183	3091	2528	3201	3516	3202	2659	3092	2774	3115	2736	3786	3314	2255	2983	2908	2909	3011	3095	2522	3416	2819	3410	2535	1104	3381	3200	2740	1663	1280	111	2806	3667	3246	2681	3614	3053	2544	2547	2970	2143	472	1053	2990	2611	2536	3087	2585	4120	761	2542	2601	2826	2080	512	2532	2579	2760	2403	2771	2555	2548	3517	1674	2731	2747	3116	515	2545	3263	3868	2844
3647	2840	2878
3647	2840	1622	4501	2990	2878
4501	2479	3366	3602	4154	1663	3437	991	3603	3986	3827	2893	3789	3826	3345	2586	3344	2435	3151	3834	3987	3340	3307	3175	2454	2908	3341	3312	1622	3362	3818	3174	3436	3578	2907	472	2844	206
3375	2845	2925	2677	4501	2716	4183	4120	2720	2723
4183	4120
3757	1327	2717	3772	2567
1945	1035
1868	632
550	509
443	3721
1853	1082	3824	2935	2901	2945	2030	1118
3783	4049	2335	2389	692	68	3606	2336	3919	4250	48	1159	2414	4427	4457	58	4522	4136	3703	3850
3783	4049	2335	2389	692	68	4250	2336	3919	4427	48	1159	2414	4457	58	4136	3703	3850
3783	4049	2335	2389	692	68	4250	2336	3919	4427	48	1159	2414	4457	4483	58	4136	3703	3850
960	3290	2998	1129	935	4423	3337	1798	2137	3630
1599	2267	2383	4447	1214	1333
1980	608	2452	798	3429	589	3653	1732
1718	1747	3429	4417	1732
4082	3094	4157	3889	1790	1736	3336	4156
4157	2452	4082	4156
4082	925	4157	1736	676	4156
4082	4156
1969	1852
3848	3900	825	1764	4405	1545	1808	3646	1140	614	1389	4417	486	1440
2457	4157	2452	2917	1790	2239	4156
4157	4082	1790
2457	4157	2452	1790	2239	4156
2859	3290	3380	3337	3286	3946	2615	2849	3949	3609
2859	3290	3380	3337	3286	3946	2615	2849	3949	2294
3272	4400	2594
1440	4417	2445
4448	4474	2174	3227
4076	4077	4245	535
405	3409	394	411	176	294	295	834	1427	1904	1302	4322	296	4160	40	352	2231	54	288	566	480	292	1639	2717	2981	410	3219	404	2221	4231	4494	312	285	216	876	819	1266	4434	195	4435	406	1944	2153	140	183	3468	2393	3938	153	4253	94	1816	369	896	2170	136	4245	373	586	293	1081	1182	2397	388	387	1828	1511	4174	4242	167
405	3409	394	411	176	2260	294	295	834	1427	1904	1302	4322	296	4160	2231	54	288	566	480	292	1639	2717	2981	410	3219	4231	876	819	1266	4434	195	4435	406	1944	2153	3468	2393	383	4253	1816	369	896	373	586	293	2397	388	387	1828	1511	4174	4242	167
405	3409	394	411	176	2260	294	295	834	1427	1904	1302	4322	296	4160	2231	54	566	1639	480	292	2717	2981	410	3219	4231	876	819	1266	4434	195	4435	406	1944	2153	3468	2393	383	4253	1816	369	896	373	586	293	2397	388	387	1828	1511	4174	4242	167
3409	411	294	295	834	1427	1904	1302	4322	296	4160	2231	54	566	1639	480	292	2717	2981	3219	876	819	1266	4434	4435	2153	3468	2393	383	4253	896	369	586	373	293	387	1828	1511	4242	167
405	3409	394	411	176	294	295	834	1427	1904	1302	4322	296	4160	2231	54	566	1639	480	292	2717	2981	410	3219	4231	876	819	1266	4434	195	4435	406	2153	183	3468	2393	383	4253	1816	369	896	373	586	293	2397	388	387	1828	1511	4174	4242	167
405	3409	394	411	355	834	1427	2231	54	566	480	2981	410	3219	404	4231	876	819	4435	4434	195	406	3468	2393	1982	4253	586	2397	388	387	1828	1511	4174	4242	167
405	3409	394	411	834	1427	2486	2231	54	566	480	2981	410	3219	4231	312	876	819	4212	4434	195	4435	3468	2393	4253	586	2397	388	387	1828	1511	4174	4242	167
405	3409	394	411	834	1427	2486	2231	54	566	480	2981	410	3219	4231	2655	876	819	4212	4434	195	4435	406	3468	2393	4253	2744	586	2397	388	387	1828	1511	4174	4242	167
405	3409	394	411	834	1427	2231	54	566	480	2981	410	3219	404	4231	876	819	4435	4434	195	406	3468	2393	4253	586	2397	388	387	1828	1511	4174	4242	167
405	3409	394	411	834	1427	2231	54	566	480	2981	410	3219	4231	312	876	819	4434	195	406	183	3468	2393	4253	586	2397	388	387	1828	1511	4174	4242	167
405	3409	394	411	834	1427	2231	54	566	480	2981	410	3219	4231	876	819	4435	4434	195	406	3468	2393	4253	586	2397	388	387	1828	1511	4174	4242	167
405	2397	388	394	387	410	411	3409	3468	4231	4174	834	4253	2170	4434	406
405	2397	388	394	387	410	411	3409	3468	4231	4174	834	4253	4434	406
334	4100
1424	1253	764	1482	1949
1069	503	2377
678	2966	1693
3082	1502
1857	356	2004	682	946
3682	2489	1612
2975	3631	2976	3555
1306	1626
1622	2403	4501	472	334	113
1652	1579	1037	1482	1205
3608	1534	1394	1392	1830	1381	1274
1789	2460	4141	4142
356	140	1714	312	1982	216	3938	819	4242	4435	167
2170	4435	1982
819	1982
1832	3953	395
1552	4199	3646	4198
1926	1996
329	3628	4127	360	2488	3098	2473	3276	2324
334	212	1917	375
334	212	1084
957	1225	1719	2030	688	704	1519
334	415	4100
4070	216	3938	819	4435	334	167	2302
1625	3046	1097	1755	294	295	4322	1904	1302	1336	296	4160	2302	288	292	2717	1842	3697	3146	876	4435	1266	2153	845	2081	896	369	334	1180	3698	373	293	454	1198	3699	2187	1829	675	1376
334	2081	4435	2302
4435	2302
293	1437	1198	292	2153	2717	1266	896	1120	294	295	876	4322	1904	1302	369	334	296	4160	373
480	602	2495	3219	4053	1714	2496	2110	2254	2419	152	153	2094	4525	1904	1302	4099	334	1172
480	2495	4482	356	140	3219	2496	2110	2254	377	2419	153	4525	1904	1302	334	1172
480	2495	4482	3219	2496	2110	2254	377	2329	153	2419	4525	1904	1302	4099	334	1172
480	2495	356	3219	2496	2110	2254	377	4525	1904	1302	334	1172
480	2495	3219	2496	2110	2254	377	2419	153	4525	1904	1302	334	1172
530	1166	4433	969	203	3032	3438	2645	1365	4414	3858	2398	3252	2693	791	39	4002	333	1919	4246	1774	117	164	2504	2050	4490	4290	889	4046	1520	238	772	311	214	2621	4401	4239	2913	314	4219
1449	650	2703	3134	518	529	613	1973	3135	3356	3527	672	3212	1766	2668	3418	2791	3316
442	962	738	3005	1370	1145	395	1018	1284	3242	1676
375	1430	356	2419	1973
1199	595
904	552	1859	746	1372
904	1370
1530	1830	1591	1199	1218
1652	2299	552	2371	1830	340	1580	1942	3346	595	3747	1199	1005	1797
4220	2005
1442	1949
1541	1232
3188	3529	4430	3825	3027	3673	1563	3925	3026
3188	3529	4430	3825	3027	3673	3925	3026
623	1872
2381	4202	4211
2381	955	1096	4211	814	269	1309	4202
1615	1670
841	3954
1396	755	629	743
1973	867
82	84	1458	3075	4057	2000	500	2468	395	814	1962	2032	640	2529	1295
1702	687	2961	2581	608	913	2264
4199	3646
2846	2748
1674	1559	1622	2361
1950	1289	823	4523	437
1331	1832	3991	1926
744	1427	3904	2472	4026	152	2249	155	920	2393	93	1351	3829	3195	57	4106	128	2418	4503	4498	4458	4468	1633	4116	1138	4165	1955	2433	219	3808	425	2283	1464	154	422	2132	3696	2261	2390	1609	4151	4036	4028	4515	101	1540	226	1472	1998	4030	4439	1833	2466	71	242	3284	4240	1914	3927	4243	1590	4484	4205	2207	2499	426	3050	4124	4097	4029	3751	2117	2202	131	2248	327	218	926	61	2411	2471	205	134	4027	4094	217
4464	3927	2433	1076	4165	2597	1427	1351	4033	4032	4404	3284	4475	2328
380	395
1652	2108	2702	2933	1458	2940	3360	2646	3032	3169	3679	833	4005	2671	2697	3680	3164
391	759	480	1458	830	395
1113	958	1483	3619	4021	2943	1892	1070	2742	3874	2941	3147	1242	888	3072	3077	1650	3799	1696	3800	1252	2618	2622	3794	1781	4023	1281	3621	2617	3368	2627	2619	1617	2950	2866	3142	2949	2077	4020	3677	4022	2625	2033
3368	3688	3812	3725	3142	1624	3813	3687	3586	3499	1070
2312	3522	1052	201	1319	2198	2132	939	1427	2390	4166	2628	931	2246	4116	424	4486	3751	1875	4441	2248	421	3665	218	2262	428	2433	926	4042	2393	317	300	242	1351	2298	2464	4492	423	2492	4518	205	133	134	3299	3808	4223	1590	3195	2283	750	4407	178	4038	128	2352	427	165	4034
3522	1052	201	1319	939	1427	2628	931	4487	4486	1875	3665	218	2433	926	4527	2393	317	300	1351	4492	2492	205	4456	3299	4223	1590	750	165	178	4034	1346	4441
3522	1052	201	1319	939	1427	2628	4487	4486	3751	1875	3665	218	926	4527	317	242	1351	205	4456	3299	3808	1590	750	165	178	1346
931	205	218	926	201	1590	750	1427
931	4487	3522	3299	4486	201	1319	750
3378	3522	1052	201	2418	357	2132	431	2329	939	1427	4124	2390	430	2628	4166	4461	4467	1633	4468	65	931	4116	424	2762	3672	223	2446	3751	1850	1875	55	4093	2417	2248	421	3665	327	362	1998	218	2262	428	2433	926	4042	219	4178	2356	317	2393	242	1351	1855	2081	1914	205	133	134	3927	4259	3808	1590	2208	2283	3195	4106	4094	178	4038	128	371	427	165	4415
1052	201	939	1427	4124	2628	2333	1633	65	931	4116	223	1875	2248	3665	362	4178	2433	219	2393	317	2508	750	165	178	128	1346
3522	2453	1052	201	2418	4105	2132	939	1427	4124	2390	2628	4468	1633	65	931	3751	223	1850	1875	2417	604	2232	2248	3665	327	362	1998	218	4178	2433	926	219	2393	317	2508	242	1351	168	2244	1914	205	133	134	3808	1590	3195	4094	178	128	165
4426	177	1427	2426	142	40	1633	3963	2762	3751	1667	4435	2266	2245	218	926	213	2393	4500	3768	205	4223	1590	1419	3708	4441
65	2762	213	2234	4038	2266	4122	4441
205	218	2433	926	1590	2283	2132	2393	1427	1351	2417	371	2390	2248
2418	2132	939	1427	4468	1633	931	2446	2248	218	2433	926	4042	2393	1351	4518	205	3927	4223	1590	2283	750	178
3629	2962
3467	98	574	813	1503	4187	2728	3386
2796	2185	3058	1973	3629	1275	2131
2989	3689	3280	3879	3713	2986	3319	3779	3393	3371	3752	3035	3691	3766	3777	3778	3374	3780	2102	3210
2989	2953	3869	3707	3777	2128	3917	3843
2989	3020	3372	3879	3244	3781	3685	3393	3035	3934	2128	3293	3379
4524	4479	4161	2419	914
2422	2346	2450
978	1908	1454	4355	1405	1455	1730
1848	1849	3850
4190	3449	1724	395	27
4190	1724	3449	395	27	1239	2066
3844	2185	271	272	3629	1704	270	1275	2131
4084	2389
2511	4132
1715	4457	3066	4483	814	2630
2997	4084	4483	2389
1973	1426
1426	1797
4066	3611
3611	4066	2801	3523	2803
2487	4355	148
102	216	3938	1351	819	2458	167
2132	1351	2458
3378	3050	2379	2132	97	105	4445	3235	189	2762	2311	2127	2417	2248	2637	1472	124	641	669	1093	161	1282	2291	2217	144	128	198
112	757	1879	4053	317	786	1514	4249	313
317	4452	263	136	230	4460
3235	106	317	786	4460	136	1282
1282	4445
4528	140	106	4080	2012	4532	3708	1551
140	992	819	2186	3708
4184	2291
2287	4473	2606
2951	4082	2954	3104	4157	3086	2822	2457	2452	2603	2239	4156	3496	3096	2213	2955	4114	1790	2905	4064	3847
4082	2904	2452	2334	1790	623	2229	243	4156
3654	3664	3489	1935	3659	3660	2709	3622	3490	3492
2591	3510	2788	4082	1212	650	1973	548	2923	4157	3512	3509	1758
2020	599	459	1043	1776
1417	2065	2171	3875	864	915	2113
922	1720	1040
1720	879
1974	2000
1386	2026	4474	2488	2324
1333	4501
3629	1275	4167
2739	2533	2870	1436	2745	2583	2890	2892	679	2919	2512	2891	2831	2746	3814	849	2741	3495
2641	3797	4199	1223	2152	1473
4157	4082
1202	1298	741	1860	1898	1307	1267	1475	1078	1738	1072	1205	2580	790
357	4446	150	147	4100	3933	3398	594	4178	3183	2194	1769	366	398	2199	301	2193	1284	541	227	433	3708
357	305	1694	4446	147	3822	4100	3846	936	2122	3933	594	2194	3084	3085	366	398	773	3605	1010	2199	3533	3708	1921	2193	1838	541	227	433	301
210	228
1539	1308
1940	1780	687	1025	867	945	545	875	1416	1425	1012
1681	1312	1989	634	1807	1601	1110
4311	4285	4287	4314	4286	4313	4356	1837	4315
1576	462	1524	1481
2985	2651	3434	4060	3891	3967	4064	2568	4025	2649	3531	3552
774	2047
3246	3714	3716	1056	3376	3717	1902	4000
2108	2621	3438	122	1919	2097	3551	1767	320	1778
3922	3888	4424	986	2874	966	965	4251
3823	4111	3831	3403	3774
2227	435	4111
3676	702	1880	901	3004	3488	1834	1983	1038	3452	3931	3842	1402	3453	860	642	847	3487	3451	4111	1219
3828	3833	4111
3486	2629	3010	1177	3241	4111	3817	1318	3774	3287	1546	1554	1682	3383
2877	2758	612	1577	4111	175	2915	266
2680	3401	3400	3676	3901	4111	3118	3038	1978	1401	3217	3399	1682	2405
3323	1038	685	2159	4111	2667	3877	2160	3761	3830	2161	671	1219
2194	2375	2578	914
740	808	807	1168
1929	853	1458	395
2010	140	395	216	167
4150	4510	2453
109	268	647
268	647
2412	3427
4041	4479	335
1477	844	1926	1953	2052	1139	993	1259	973	1791
3985	1500	395	1891	1284	74	472	1042	2958	3616	3642
659	643	666	3477	608	1011	1592	1340	733	1452	689	543	1055	1194	1595	3476	1036	1458	1691	1284	1876	1283
643	770	2683	3633	1976	666	783	951	2661	1011	553	1256	2662	2582	2656	3003	1452	4041	2048	2657	3014	468	179	1036	2665	386	214	907	1727	2942	3002	2930	3990	2556	1283	948
731	659	643	770	983	1707	1366	666	783	3477	1740	1256	1154	1592	551	1770	1734	2654	2048	689	543	1705	2875	468	3476	179	1383	1186	670	1036	386	3002	1196	835	2060	1237	1876	1283	1574
1257	2156	1895	865	1938	1796	900	1538	2158	1123	2155	779	1505	1683	782	972	4437	1088	872
4422	2256	3758	1373	420
1099	673	222
596	1897	1668	771	202	4118	1802	1101
396	4244	170	201	393	1337	1200	3615	2827	4375	354	2426	359	2323	4194	379	604	384	3122	358	2348	2443	1351	374	4191	4488	162	4436	2495	1387	4459	3580	4270	1419
396	4244	201	393	1337	2418	1200	3615	2827	4375	354	2426	2506	359	1633	4229	2323	4194	379	604	1778	384	3122	2348	2110	2443	3158	1351	374	4270	4436	2495	1387	4459	3580	187
2330	396	4244	170	201	393	1337	1200	3615	2827	4375	354	2426	2506	359	2323	4194	4175	379	604	384	3122	358	2348	365	2110	2443	3158	1351	374	4191	208	4488	162	4270	4436	2495	4145	1387	4459	3580	349	187	1419	4451	4441
2248	2323
386	1490	651	1857
306	250	484
1643	1797
1986	1036	2437	1623	3291	1976	1573	968	1574
389	2403	4447	1214	1333	632
987	1840
151	3073
1347	649	1602
654	2929	224
4039	826	3421
654	628	3421
449	2351	1096	4039	654	3692	4180	4201	4458	4228	269	4505	528	2525	2498	3149
2577	344	4458	445	3149	2351	1096	100	654	1536	1665	1839	3692	449	1020	1396	4228	2046	4180	616	1649	336	4201	241	620	528
449	2351	654	4458	528	3149
1027	3421	449	616	2351	654	1157	1304	1665	2015	1901	3692	4201	4458	241	620	528	2699	2525	3149
3421	4403
3421	4458	3903	3149
3421	4458
4082	4509	2904	2452	4248
4509	2904	2452	1790	243
3909	3908
2773	2282	603	2926	3048	650	2687	2042	609	3047	1632	2599
1832	1164	940	2030
4458	1733	4344	4130
3609	3337
4128	2175	1616	4489	1255	1195	1919	4227	4230	347	1778	1672	1520	2753	2621	3681	4239	329	2484	4219	1197
641	2237	2241	2261	4279	4098	478
1561	2872	3972	1872	3480	650	3969	3093	2793	2042	3595	504	1973	2138	3645	2046	1017	3971	3973	1632
2719	3514	1872	2956	3693	863	3078	1017	2516	2521	2165
1054	2056
492	1054	3226	3229	3173
1171	3332	1087	1552	1522	4161	3199	899	2057	1019	1512
2174	2606	617	932	4198	1637	1170	4199	1912	899	1463	1268	695	1819
2621	2057
2344	278	4183	4120	3218	75
633	2539	2537	1678	1465	761	2675	3526	3965	1280	917	2538	1605	1041	3170	1293	877	1851	1674	3171	1244	1786	2769	592	2722	943	1227	959	2763	1635	1271	2536
389	4447	1214	1333
1594	2344	389	2467	2271	4447	1214	1333	1241	4233
3514	2823	2624	3297
1838	1643	1877
3640	1881
3145	1905	3261	3306	3563	3924	3267	3871	1462	3390	1654	3564	3936
900	255	3007
4517	3061
4244	393
1340	1458
480	221	1394	2848	3041	3250	584	318	4090
408	2772	3225	3250	3530	1389	2715	1653
2841	232	3695	3876	4161	318	120	2700	3249	914	41	2810	4090	4497	3083	1394	2576	2842	632	408	1868	53	3211	1900	3793	2592	3773	3790	3557	2752	3250	3996	4450	3338	3359	2927
1421	885	498	4418
1126	2150
933	2575
1673	3981	1496	3980	2790	516	1413
4452	4479	478
1403	4479
3458	3352	1810	606	1407	2868	3527	3591	3354	3994	3357	3459	2633	2042	3646	3356	3581	3525	3049	739	2135	2620	3355	2764	2749	4055	2046	3582	3457	3367	2837	3884	3883	995	3133	3553	3353	921	3351	3418	3554	3583
3458	3352	3527	3994	3591	3354	3357	3459	3646	3356	3581	3525	2135	2620	3355	2749	3582	3457	3367	2837	3884	3883	3133	3553	3353	3351	3418	3554	3583
944	826
4055	3349	2310	438
3349	4055	496
3349	2310
921	2042	3349
3389	3303	3849	1941	2554	2895	722	921	1060	3844	3296	2664	148
2772	2086	1060
2906	2903	2851	3342	2899
3472	2850	3481	1246	3473	3474	3873	1973	1547	871	3465	3479	3483	3484	2600	2664
2566	3627	4088	2695	3565	2743	2341	1265	2455
2157	2403
2734	605	3069	2178	1871	2180	859	1999	1135	909	479	2016	3998	1293	1478	517	851	908	2584	801	2540	1407	1990	2177	554	2528	1338	1094	1342	577	2736	1981	592	1932	696	2064	811	1537	1918	1743	2179	2535	1939	1678	3612	810	1923	495	2740	698	1528	2589	1280	1388	1826	1446	3667	1208	1815	2109	667	488	1434	719	894	3785	1899	2523	761	1762	1406	2984	1970	497	1066	1320	2532	1559	1885	2771	1297	1243	499	1023	3450	1674	1888	2467	532	943	1193	1995	515	1508	1987	2861	1271	680
1743	1932	4198	630	909	1981	1271
1273	1555	952	980	1818	1957	1271
4330	3845	4074
4327	4326	3845
4237	4329	4327	4326	4074	4331	4330
1968	1215	4050	4442	4455
4466	4455
4442	1160	3178	4044
2338	220	4238	1653	141
4192	3947
668	1327	2059	326	4222	1079	4495	4161	2490	322	2409	4402	766	2500	4536	914	2327	381	799	2772	41	867	3912	259	4521	4041	3448	718	555	2606	3636	1570	1394	3447	1619	323	2163	4473	1042	585	408	350	1636	2190	4411	3644	3445	4104	4192	414	2146	4195	2507	4479	1618	2191	4126	4470	1514	338	2057
1327	326	4222	4495	4161	328	2490	322	2409	4402	2500	4536	914	2327	381	3797	799	852	2772	41	4087	3912	2152	259	4521	2282	4181	2606	2373	1394	2321	323	2163	2269	2558	4473	1042	408	434	350	1675	2190	4411	2145	3644	4104	4192	414	2146	4195	2507	4479	4126	4470	35	1466	338	2057
1470	3247	999	1571	1001	652	1748	3748	1866	1103	1756	1185	3579	1290	2918	2770	686	794	3462	3769	1566	2924	1085	2832	2563	2514	1258	1509	1022	1804	3253	997	2044	2775	3463	1371	3062	3894	1911	3192	516	1836	4018	1598	2922	493	895	3870	3896	542	2894	886	1015
2767	2713	3951
827	1359	4054	3009	2042	867	241	1614	700	3008	3433	2939
1050	1861	3313	990	1782	3706	1468	544	2103	3584	3419	1238	1341	827	1915	559	1414	867	898	2042	2106	1398	3838	1480	1564	2105	648	2104	3840	3301	1114	1358	1420	915	2640	2711	1802	2053	1657	1324	846	1278	1049	1765	942	1179	2066	1777	3302
1832	1926
3337	3290
4169	4463	2362	2281	4512	2134
4169	4463	2362	2281	1136	2134
2921	4169	793	911	4463	3948	2362	2685	1063	1461	2395	2372	2134	1354
1213	2704	1967	3549	1965	2812	4109	2571	2755	1091	2875	726	1608	1739	815	2626	1422
4082	2904	4064	1790	3999
444	2002	490	1288	1643	1799	2042	1412	921	1838	1881
1488	4198	1291	1451	1191	707	608	2377	1697	1641	856	975	3942	1378	1046	2038	1902	3899	622	1603	558	538	1092	1305	2010	1627	1450
1902	707
3994	3591	3367
2988	3795	2226
2988	3795
2988	2189	3795	2085
4533	900	3007	2039
4463	3119	2362	3773	3902	3912	1276	3359	2134	3518
4169	4463	3604	3948	2362	717	3404	2726	1276	2134
4463	3948	2362	1276	2134
654	4159	2174
2607	2010	2658	4036
1081	2217	2272	2340	411	353	4446	961	1309
2410	4446	2340	4212
4446	2340	2434
4446	4212	2606	1309
209	3387	2370	4446	4445	3235	2439	288	4409	4444	45	4091	2212	598	345	343	2365	961	1117	161	1309	1124	273	173	3851	906	1677	3943	3920
4446	1124	2425	1309
4531	4444	2434	1215	3107	4182	152	1206	2365	142	2212	4429	1309	1124	3708	4493
2182	1835	2112	3956
1835	3956
3953	1835	3956
1601	4040	2503
3333	3617
681	356	109	1090	88	1101
109	356
3420	2636	2635	2638	4302
4309	4305	4303	4304
4085	4139
1484	3522	201	2418	357	2132	2254	2426	2390	399	397	2201	1172	857	1633	806	4468	4444	1147	2549	3672	223	312	3751	152	2475	101	2206	604	1925	362	2478	594	2474	2348	2240	4471	2194	4355	2110	2393	1351	2247	398	4518	302	133	134	154	149	4234	137	128	541	301
2418	357	4210	2132	363	142	397	1172	1633	4406	1147	4444	2549	3751	2475	101	131	1925	362	594	2240	920	2194	2284	4355	4471	2110	235	3886	366	398	4518	133	3708	154	4234	137	92	541	301
1484	2418	357	2203	2132	744	2254	2426	2390	2201	1172	1633	3235	4444	1147	2549	3672	223	3751	2475	101	604	1925	362	594	2474	4178	2348	2240	4355	2110	2393	2508	1351	2247	168	366	398	4518	133	134	505	2199	4223	3195	4106	154	92	128	541	301
179	222
4440	276	3511	3978	1294	843	2374	4080	4425	737	1162
3978	4425
4528	276	4419	2420	2363	2012	275
1886	3655	2318	192	1896
3655	2318	1886
357	684	398	1623
2210	302	2485	4406	1623	357	684	1721	2477	541	366	397	398	301	362
4168	4217	4048
2248	1692
1687	1906	1458
3815	4055	4398
3507	1492	4082	2561	1212	893	1151	4157	463	571	1655	1367	1348	3506	1549	610	1525	2560	3431	2956	1264	3810	593	1800	1240	1074	1902	3508	1364	3203	1260	1698	751	587	1597	3618	2031	2154	1323	836	623	3880
196	2400	1919
3119	2400	3039
1973	1060
4529	4129	2461
538	1150	1393
3521	2897	3308	2979	2978	3112	2977	2823	3520
538	1086	1369
1121	538	1997
112	232	313	3790	786	4450	3321	53	107	230	478
2799	3740	2519	4055	2829
2761	3428	2865	2825	2725	2789	2787
3328	2252	4144
334	143	274
1229	2378	4161
2898	2794	1991	3805	2024
1288	629	1926
1976	1506	4012	274	1574
1111	2095	1299	2337	3025
713	1111	2095	1638	3536	2332	1299	1535	1301	2337	3025	2313
984	2025
2276	4199	1077	3646
2802	2462	3140	344	2335	4198	3291	2336	2290	4355	335	4083	4087	330	266
308	2124
309	2037	4236	4460	308	1722	224
2380	2296	2972	3590	2129	2242	3988
2061	2296	1685	2379	182	2301	4143	2308	4204	145	4502	125	2055	4072	186	2071	4507	762	3501	156	1716	2176	1093	3422	4526	158	443
2376	4072	1973	3935	3501	4502
1697	1409	2035	1933	2000	3001	1216	1054	1279	1277	1372
3995	2404	2337
3812	1600	2866	1624	3813	1169
576	2391	1203
1814	2369	838	1284	1513
2394	3821	3819	3977	3130	2039	441	1500	1988	2034	1644	1187	2046	1357	3082	2510
2729	2400	4232	395
4273	4271	4272
4267	4321
2388	4140
1759	1428	1902	892
2757	3277
1664	2730	2726
3288	3712	2188	3279	3012	3806	2151	3957
3288	3712	2188	3279	3012	3806	3957
4260	4261
818	1894	279	4449	4208	3983	3964	378	1453	2183	466	3099	351	361
1250	2503	245	68	4071	1620	107	124
4377	4397	4374	4293	4369	4343	4391	4337	4393	4382	4384	4354	4297	4387	4376	4367	4296	4368	4294	4378	4373	4341	4339	4385	4361	4394	4395	4366	4346	4379	4390	4392	4295	4357
1327	460	4216	408
549	2049
2889	2896	2858	3744	2660
2578	4200	1379	1659	1284	2347	1489	2021
2487	3088	1203	3129	2354
4264	4263	4318	4325	4321	4268
2374	1309	395
2744	2170	1982
4321	4319	4325
512	3916	3748	1745	2838
1704	440	2169	2166
2459	4242
1936	4100
474	3231	1458	799	395	674	4442
4279	478
2108	3099	3638	3119	2848	2576	2663	2593	2726	2759	2869	3250	3646	2792	3983	2517	4090	2552	2862	2833
3421	2436	2438	4403	1096	1530	654	3975	4218	4505	664	4180	1902
1516	4009	1497	788	3395	1582	573
2381	4211
3948	429
480	4102	228	2013	2726	4506	200	2367	438	585	210	4058
4283	4272
2207	1919	4446	2471	2885	3235
1065	2207	316	102	105	1919	2471	4446	43	224
2343	2666	1498	2207	1919	4446	2471	3235
415	2714
4360	4396	4383
2238	2316
4110	3339	4435	557
375	415
1593	1797
4256	4524	4323	4257	4320	4325	4258	4265	4255	4324
1065	4525	1919	105	43	224
3029	3738	3028	3015	2867	3251
2967	1426
3676	4111
2318	192
2318	192	42
2706	802	3334
3855	2515	3016	2854	3290	3364	3337	2130	1798	2137	2598
2903	2906	2851
4076	4077
3913	4211	4202
4288	4282	4281	4370
1902	798	1732	1747
3119	583
2502	3638	4247
897	1726
4211	4202	4328
3727	4153	3513
3404	3518	3604
3598	4418	690
838	1867	395
393	384
1517	480	4105	2348	3158	1351	1855	3580
3129	1203
2211	1203
2354	2263	1203	3088
3902	2726	3705	3237	3236	3604	3240	3503	3359	3770	3214	2570	3407	2733	4007	2830	3773	2551	3898	2732	3502	1197
306	484
2613	2401	2196	3677
334	109	1344
3755	4041	3759	4039	654	3762	3760	4505	3763	3756
738	1695
3288	3712	3279	3012	3806	3957
341	1423	1697	3926	2946	2936	1009	1248	3266	1817	2947	824	1930	2932	2991	1143
1579	1902
4053	4185
2197	2772
1317	1064	887
2472	3284
4446	4444
2814	1788
3385	3384	3388
2174	1467	1040
510	1458
386	694	3042	976	3974
3365	3018	3103	2964	2928	2751	3128	2876	3260	3258	2415	3089	2813	2735	2965	2596	3256	3257	2672	3989	2914	3259	2911	3456	3455	2839
334	4161	3851	2419
1642	4524
1382	2022	769
140	216	3938	819	308	167
4458	3149
503	1902	356
3962	4024	3157	3159	3161	3702	3397	588	3160	1797
621	1526	3187	3185	1731	3184
4236	3665
3040	4001
1458	4198
4376	4284	4291	4342	4345	4381	4389	2269	4336	4087	4380	4372	4365	4340
1532	2011	4199	1877
3734	2222
4256	4524	4323	4320	4257	4258	4321	4324
3652	3193
1442	2039	1568	1996
1889	718	1744	1717	1375
1340	2705	1686	3391	1960	2634	805	1236
3954	2754
1656	2578
1579	1832	1435
1392	1340
4052	4435	3339
2483	1919
2968	4211	3136	3598	1916	1156
3409	411	834	1427	2231	54	566	480	2981	3219	4231	876	819	4435	4434	3468	2393	4253	586	387	1828	1511	4242	167
4006	1458
658	103	142	4435	557	1419	3339
1590	2393	1427	3284	2248
2162	2623
2259	3970	2428	4121	1653	701
415	135	356
1039	4480	472	2325	3402
1544	1926
576	1287	228	1203	2279	319
2127	144	2637	1282
3230	3464	3457
3248	3918	3444
4278	4276	4277
3098	3276
1517	201	2254	142	1904	1302	1172	480	3219	4525	377	152	2419	4435	604	2348	140	385	2496	153	4453	334	1760	2495	4482	1419	3708
480	2495	356	3219	2496	4525	2254	377	152	153	1904	1302	334	1172
1709	1300
1926	1832	1487	2066	716	1985
541	398	2485
3792	915	1439	867
3626	645	1846	619	1920	880	3358
576	2487	1203	2391	1578	319
1902	1321	1847
1332	1811
2011	1579	867	1442	1949
2036	1596	1161	1249
1500	3281	3224	1458
