92	1
82	821	636	196	73	704	486	626	290	313	582	220	98	796	767	598	219	331	419	346	345	728	351	377	628	170	506	403	335	135	858	371	397	140	608	227	95	531	187	307	334	718	286	413	575	31	540	883	124	634	568	570	169	566	44	175	343	231	533	617	619	174	247	319	787	226	428	476	730	854	661	197	142	230	644	281	181	207	273	216	201	233	162	498	648	26	529	876	252	392	264	176	740	159	633	536	389	262	751	489	810	228	300	441	709	13	378	682	356	850	195	312	527	311	350	269	268	180	418	173	851	329	202	504	517	616
18	501	722	423	346	832	764	67	172	483	92	75	792	618
319	404	608	295	742	790	701	549	657	96	810	73	228	630	482	763	291	224	617	105	332	146	321	36	74	607	620	192	570	580	106	44	628	727	93	123	337	298	408	251	466	583	191	335	277	358
649	813	206	149	368	1	100	103	56	512	836	105	373	137	327	45	44	442	744	869	408	28
572	433	206	657	368	510	67	100	455	854	618	810	31	626	758	280	381	244	672	785	872	18	593	432	850	172	174	11	17	508	28	405	264	358
184	529	565	419	202	757	850	549	517	204	548	599	568	619	176
632	11	186	742	50
200	208	535	134	482	207	206	172	287	423
404	515	225	397	520	616	58	100	398	47	704	658	630	539	867	265	758	622	374	634	195	346	841	327	125	473	612	26	323	602	724	554	276	242	719	873	343	745	680	440	463	287	830	358	596
539	580	193
608	434	790	100	385	99	181	290	374	346	373	285	339	853	173	601	171	869	343	28	830
572	91	510	68	775	31	847	340	290	483	101	18	493	32	852	234	417	11	17	403	443	508	75
166	25	206	389	73	534	630	134	600	836	18	606	419	561	164	200	566	602	470	719	845	28	411	596
516	298	451	100
829	610
407	134	569	325	37
26	173	704	73	74	226	750	290	418
319	215	159	6	100	660	228	194	376	133	381	697	13	693	124	74	593	346	311	339	169	811	485	501	782	298	343	621	232	65	135	40	264	272	431
228	184	4	383	343	172	98	785
688	184	319	487	515	608	787	433	802	206	100	854	571	810	47	99	441	597	275	54	850	346	853	172	125	174	173	278	727	470	53	117	744	725	869	343	109	232	556	191	617	619	3
173	632	225	171	208	134	207	157	133	206	172	389	415	498	452	106
18	543	722	208	575	17	346	703	476	206	714	16	75
404	58	701	449	76	82	100	562	73	623	630	512	626	290	362	424	146	419	30	607	327	125	192	377	106	628	170	17	567	335	608	221	67	265	291	124	122	105	18	432	652	164	258	325	568	570	44	408	328	75	319	802	71	511	142	777	482	84	224	498	526	461	454	323	601	624	171	113	123	298	559	150	287	264	431	154	193	589	779	360	805	490	145	620	180	19	782	851	93	556	16	358
343	346	3	785
184	520	57	67	129	309	753	718	749	757	31	703	290	224	124	332	437	330	409	563	631	311	285	759	570	169	351	420	19	629	566	744	845	203	625	178	760	737	264	277	596	833
608	90	63	740	91	428	821	206	68	347	369	819	300	718	128	775	597	626	651	847	582	313	447	850	409	158	878	375	461	678	326	761	26	566	650	725	617
688	731	48	511	623	441	128	605	437	702	145	573	180	192	323	723	123	117	338	28	621	358
117	74
572	404	569	129	589	128	630	597	383	378	290	888	105	706	195	592	377	393	473	323	298	276	546
118	468	514	604	83	117	597	401	133	389	380	381	16	277
274	47	704	370	608	851	706	346	683	703	285	327	306	2
319	576	90	363	802	100	779	810	228	465	413	626	84	617	374	275	346	23	631	164	327	125	570	632	663	768	17	38	108	174
681	837	799	617
487	217	387	91	100	455	562	465	604	626	717	419	764	327	728	377	438	17	316	28	372	567	135	720	151	791	221	168	206	67	361	112	47	819	534	35	413	539	163	304	78	185	758	340	37	124	367	18	752	164	325	568	169	566	278	663	344	774	109	174	474	75	319	787	363	71	783	306	854	847	610	36	275	579	54	330	601	624	501	130	529	150	287	872	522	835	193	450	225	7	740	569	27	368	68	489	618	183	709	360	378	780	332	356	55	748	850	493	32	350	19	488	202	349	556	16	358
118	164	380
694	319	404	787	225	520	608	166	802	428	476	206	569	67	100	306	783	347	810	47	644	660	709	59	777	651	207	679	378	62	18	373	631	561	752	164	764	653	180	377	834	323	278	472	601	445	72	650	724	53	770	560	343	204	232	349	65	135	537	264
26	278	319	323	465	718	819	283	344	504	569	617	705	268	392	619	653	326	533	272
838	534	128	166	421	164	545	67	129	678	636	690	674
612	702	126	207	206	556	890	97	272
319	740	552	76	491	783	181	539	290	410	437	824	432	419	893	498	461	521	377	182	488	175	506	415	264
488	432	226	215	58	185	435	582	495	8
572	566	275	397	851	790	539	17	540	637	744	607	625	294	498	100	290	840	664
290	553	572	378
543	738	854	28	657	67	191	125	16	423	454
450	225	821	297	523	47	317	73	534	604	753	265	703	2	124	374	785	499	706	637	570	823	811	93	242	235	277
73	184	395
608	100	385	730	398	332	331	346	841	115	164	339	350	173	601	329	869	845	343	372	174
169	368	291	335
319	520	262	398	47	228	465	334	24	626	691	847	201	437	767	797	850	373	311	285	172	269	498	809	180	345	169	351	377	728	439	485	278	566	44	72	529	554	170	744	349	392	135	537	264	616
468	674	225	63	346	58	701	821	164	168	343	28	607	67	737	647	854	580	672
225	434	226	740	67	783	730	230	300	534	753	564	703	207	664	201	437	350	180	743	420	182	329	344	535	349	38	264	277	176
404	225	608	742	433	603	73	604	630	683	460	482	600	717	862	105	332	30	164	607	620	568	612	44	628	123	254	559	408	625	871
200	230	208	7	207	164	206	389	172	567	570
572	58	297	1	39	807	59	482	798	792	105	143	172	620	844	229	635	565	873	141	466
724	399	464	470	790	506	396	460	52	777	79	67	583	625	103	810
813	896	363	78	27	573	332
68	164	752
767	228	15	18	225	413	53	539	802	845	762	347	392	730	2	609	672
319	404	397	90	226	711	790	433	82	584	389	510	511	306	455	73	623	334	718	630	664	290	600	717	122	437	186	299	30	23	401	350	145	325	327	394	498	192	180	477	26	323	727	501	123	386	560	28	109	625	556	405	537	462	3	596	193
624	225	722	497	882	283	820	637	363	870	227	129	856
336	225	282	383	237	42	135	2	174
47	228	225	28	868
404	225	608	67	705	342	100	623	600	105	274	767	275	195	853	570	580	44	276	408	466	625	463
319	260	225	742	73	128	866	362	550	332	62	30	164	339	19	628	782	208	470	725	871
688	242	311	67	13	720
411	99	346	58	651	164	28	817	172	362	197
524	346	133	380	556	174	580	3
724	281	217	486	631	285	28	338	372
694	608	90	12	802	206	100	571	779	810	47	441	597	651	274	282	195	164	285	650	53	117	333	725	408	28
118	515	12	58	306	3	779	70	660	99	56	24	512	626	482	763	122	105	606	893	282	30	346	853	762	125	26	566	44	470	650	422	28	109	191	287	803	358
45	487	488	561	764	327	71	273	629	146
404	623	208	413	539	134	287	2
245	99	246	225	90	251	567	335	679	617
184	45	56	608	742	744	52	841	408	164	137	67	610	462	836
173	724	74	148	206	67	122
751	638	319	194	722	298	363	400	448	621	327	648	180	783	169	351	371
542	51	695	563	849	578	326
290	67	7
99	515	727	53	103	282	630	396	561	422	763	466	325	657	463	191	71	779	197	332
173	597	569	206	67	378	290	377
514	319	225	271	397	423	90	363	206	389	100	306	730	524	618	810	47	228	194	29	683	84	664	826	340	374	18	275	314	493	346	561	79	110	164	350	764	327	380	174	19	377	454	97	566	601	229	529	175	53	17	560	873	343	556	567	287	264	3
228	164	886	100	290	717	377
274	638	74	295	156	185	603	164	67	235	707	377	452
182	319	181	569	164	28	435	294	378	290	3	122	377	197
450	757	611	504	382	569	297	69	821	379	378	290	273	377
290	206	377	378
118	572	688	787	608	90	126	569	27	100	810	47	704	99	194	24	626	703	78	798	233	275	87	631	164	377	425	323	725	466	625	556	567	392
221	363	427	740	67	100	783	103	228	704	534	695	718	703	675	817	378	340	379	290	503	419	631	110	678	377	83	53	17	506	349	392	619	277	176
158	626	569	378	290
378	336	569	297	657	392	377
201	173	278	281	303	352	362	307	392	536	569	378	290	187	377
118	688	450	515	271	397	12	63	217	215	390	25	227	297	67	776	95	100	861	489	465	300	534	709	540	400	133	763	340	220	617	374	321	18	74	186	263	330	314	436	493	499	631	9	325	268	573	326	728	377	481	638	173	632	722	650	223	438	202	298	316	53	83	403	157	109	287	405	264	277
660	228	225	148	749	539	242	67	381	866	800
468	319	140	63	58	895	478	67	730	571	465	441	582	321	593	346	620	53	276	422	349	625
26	278	566	447	128	718	611	597	421	653	68	717	761	369
118	293	90	469	306	455	676	465	194	334	441	399	681	539	460	290	836	219	464	330	299	314	145	377	117	316	506	719	583	191	617	135
319	404	295	156	740	806	657	149	318	296	726	68	455	347	778	670	317	534	383	703	382	207	460	816	708	610	313	124	672	18	275	36	331	446	401	85	164	648	180	125	120	612	566	453	635	768	170	812	641	745	556	178	619	462	272	616
649	783	103	73	228	630	777	482	763	105	299	706	30	762	764	692	782	276	408	583	287	358
688	450	608	701	569	821	100	306	249	196	810	623	718	78	796	594	653	570	200	851	4	845	28	231	277
278	334	67	600	392	570
299	338	378	290	377	629
184	319	549	67	27	39	779	810	73	623	308	718	502	460	84	547	610	362	273	2	647	836	146	619	233	74	275	593	419	282	561	607	620	375	568	678	393	601	44	628	171	727	202	865	333	190	28	109	231	108	416	803
91	25	491	100	306	455	341	854	534	181	732	378	18	138	158	436	764	377	182	624	167	53	338	75
319	404	515	225	397	434	520	608	616	790	701	569	206	114	27	267	100	562	47	704	99	630	512	134	265	400	482	758	622	290	362	600	374	105	563	195	878	401	421	164	607	325	327	745	841	19	323	566	602	44	554	276	559	719	343	28	109	508	463	625	287	619	641	537	264	358	596
284	319	321	229	336	441	579	90	53	170	304	433	701	719	546	556	679	792	132
404	520	584	67	27	810	228	24	265	748	331	312	762	180	192	738	135	566	727	4	75	343	28	619	537	174	856
566	94
18	624	297	102	27	327	349	380	582
18	24	16	803	75	473	810
173	704	520	128	166	597	744	110	752	887	100	273	495	277	393
47	644	72	18	275	663	787	4	78	164	619	75
184	319	397	434	520	608	363	802	657	67	129	100	309	636	779	810	47	658	300	534	753	749	874	265	545	847	664	290	124	634	74	275	850	409	436	563	195	373	176	407	752	164	878	172	327	375	125	570	326	573	678	566	727	881	504	506	865	242	744	842	845	20	109	556	890	392	619	277	3
706	569	206	125	2
205	184	534	61	67	435	715	129	521	553
25	577
437	35	378	580	377
579	225
290	300	720
290	577	373
200	208	282	703	122
468	694	404	256	518	705	249	704	334	441	626	651	582	374	503	201	139	346	841	285	573	120	97	426	566	724	650	744	621	349
90	466	109	28	2	647
118	225	156	363	427	67	886	71	147	341	112	455	103	70	107	534	709	575	749	283	867	703	13	290	736	530	503	619	18	436	85	573	439	632	123	175	170	17	506	242	348	768	83	157	141	349	435	235	135	267	176
18	534	419	535	569	618
73	819	123	117	332
688	172	100	169	103
378	569	67	60	377
569	378
360	380	384
399	464	565	314	506	770	340	460	752	67	191	129	135	420
572	73	624	250	395	164	290	197
572	796	787	797	851	250	802	855	262	533	290	661	197
688	863	321	35	659	217	6	42	164	168	67	327	764	826	793	810
71	148
278	226	845	625	600	392	570
624	575	138	158	732	642	49
468	572	228	74	441	650	4	185	569	466	60	290	582	570
404	225	608	470	164	67	100	290	174
233	74	56	44	164	800
834	164	168	42
594	53	539	126	195	6	701	42	67	27	868	394	129
319	336	404	225	520	608	94	58	159	390	536	389	27	67	100	347	571	197	196	810	47	704	99	718	597	626	691	651	763	777	290	2	617	672	233	274	74	275	606	850	87	195	841	339	795	60	180	125	174	580	638	724	851	470	565	650	725	343	28	625	556	392	3	616
67	611	696	626	220	410	767	330	850	563	312	809	268	180	724	44	565	554	170	231	619	671
790	52	67	129	730	810	47	228	658	51	334	867	777	460	651	622	697	340	354	2	672	557	314	529	123	322	202	17	53	546	583	625	135
468	688	7	363	569	832	389	478	306	68	804	571	670	70	317	399	534	703	582	313	186	706	195	841	538	461	521	123	316	157
274	704	591	399	623	74	861	611	17	282	67	60	277
118	228	45	148	742	867	482	569	157	817	459	290	377	75	836
441	565	752	28	349	582	513	3	596
274	638	520	615	170	344	541	380	405	580	479
93	742	137	327	836
184	520	27	112	103	704	695	753	482	495	98	606	330	448	172	724	4	343	466	109	745	720
330	611	344	744	67	779	290	273	124	272
661	31	429	569	227	67	100	368	291	287	567	169
199	205	289	378	181	357	170	290	31	169	76	248	227	243	368	335	135	124	784	686
660	370	282	333	185	422	841	325	804	836
306	571	103	228	704	703	382	379	340	290	772	273	582	146	848	538	268	580	377	97	104	621	803
668	166	226	221	701	633	206	548	510	361	779	660	808	24	626	758	381	291	290	273	600	717	647	796	674	259	62	138	706	825	377	580	92	834	467	501	175	254	744	880	28	671	257
619	688	228	658	727	68	850	419	202	53	94	725	621	700	191	100	125	273	174	810
125	206
25	538	327	71	273
704	300	441	632	53	185	390	100	582	571	629
704	650	611	339	689
570	173
284	572	54	879	875	719	206	798	290
259	585	867	285	102	354	570
47	624	534	650	611	61	597	363	845	380	235	640	537	3	810
608	593	438	869	758	762	859	224	19	605	810
623	608	758	20	798	125	224
28	57	596
182	598	167	225	329	441	801	170	540	696	595	849	713	318	525	730	582	712	571
26	515	594	718	153	597	375	369
463	608
892	441	88	401	185	164	603	832	841	804	354	582
306	317	591	706	316	401	206	67	290	313	835
863	399	226	744	305	164	679	340
125	437	145	515
225	25	67	27	129	100	347	846	47	704	539	626	666	124	233	447	311	294	648	125	375	761	473	438	719	422
644	404	373	626	164	389	67	150	679	617	705	124	174
259	184	628	608	128	539	869	408	350	866	872	332
285	67	373	608
323	404	608	373	482	285
123	623	593
211	391	206	100	489	218	301	230	704	209	134	207	290	220	410	214	346	258	172	173	208	343	388
514	184	520	100	369	810	47	228	704	99	24	718	59	817	2	836	146	503	785	148	464	419	42	841	164	853	145	327	375	180	722	175	554	170	744	842	466	135	277	75	856
472	491	349	555	431
200	26	437	694	208	539	265	719	207	758	102	350	78	841	38	2	358
2	120	460
404	701	538	164	2	197
612	704	604	195	407	164	641	125	452
514	217	569	657	100	111	3	854	618	810	704	399	304	482	651	847	290	105	18	36	164	325	327	19	650	53	17	287	872	358
73	704	515	283	298	395	359	79	164	549	389	684	291	362	582	351
539	227	2
588	319	225	90	166	673	711	392	569	685	747	389	368	149	100	861	712	779	810	660	228	623	658	671	867	626	185	798	708	700	354	537	617	672	332	634	274	447	54	401	311	172	380	125	174	570	722	727	635	4	842	745	625	556	178	38	191	16	277	3	596
619	26	327	225
233	164	67	392	125	2	3
515	632	702	148	134	701	536	164	206	325	538	131	290	629
608	802	389	342	810	47	819	777	605	259	767	593	592	145	461	492	323	44	628	782	123	408	463	556
104	582	571	441
572	465	467	330	554	25	455	89
26	670	682	161	681	728	626	159	633	739	886	371	268	617	661	174	686	634
288	336	212	433	536	549	307	187	197	661	239	230	465	281	13	290	362	201	233	410	303	352	311	752	269	345	351	566	173	15	170	535	559	178	392	365
724	169	185	561	338	67	150	730	100	290	273	124	511	37
2	608
688	694	90	100	455	465	611	777	651	69	292	233	421	164	323	650	565	744	845	466	537
612	2	872	718
118	47	843	658	53	539	881	195	363	732	390	867	798	617	570	783	789
47	539	32	38	290	781	492	49
18	93	596	446	512	771	422	168	67	440	830	174	473	810
660	754	401	389	2
694	569	511	100	810	300	777	651	78	826	124	374	330	346	809	268	19	377	205	722	851	650	744	845	338	174
11	90	565	117	124	338	415	67	764	95	627	122	674	332
468	99	491	569	349	372	617	377	528
228	278	319	624	320	632	90	304	346	164	764	145	570	264	462	3	670
572	787	225	370	434	67	100	779	197	644	611	378	290	2	495	748	395	752	326	761	667	93	343	466	537	803
679	67	429	606
228	515	336	441	543	635	719	600	455
501	282	422	325	109	657	596
73	228	404	44	727	608	787	630	603	164	67	625	463	600	358	596
746	51	412	563	849	185	700	570
323	423	195	407	32	573	100	362	220
688	450	515	100	489	854	121	281	718	753	777	185	124	796	110	752	607	145	570	205	278	724	501	4	210	466	231	150	178	405
441	593	625	571	374	196
510	511
44	649	753	813	893	29	865	894	407	466	27	149	866	738	729
99	404	658	608	53	373	285	466	798	327	823	125	423	454	10
47	228	660	36	520	4	170	363	703	164	556	888	619	174
404	123	432	716	87	221	421	110	603	102	82	150	372	287	854	174
142	228	644	488	432	226	90	58	185	538	262	617	582	720
643	728
411	282	422
308	419	202	87	774	653
661	205	450	797	128	499	744	802	752	67	100	610	267	570	124
26	278	644	679	653
290	377	674	651
47	73	753	851	290	626	38	164	67	231	381	871	100	125	810	377	196
660	539	282	597	699	401	389	380	375
404	724	727	718	802	725	603	164	67	600	100	290
614	137	103	686
290	688	528	603
73	628	565	419	517	67	231	599	568	619	176
47	282	622	680
330	413	116	168	164	562
173	243	27	829	677	570	105
282	597	390	164	21	95	779	38	122	8	674
572	395	197
515	894	58	701	821	389	67	705	861	73	300	334	308	56	611	630	597	651	766	600	401	311	612	650	803
673	67	27	100	810	196	228	704	99	703	354	332	274	275	631	738	125	725	28	625	174
612	437	660	501	172
661	73	184	319	465	62	724	93	330	637	719	752	164	508	758	100	553	377	810
413	42	168	368	100	169	174
572	395
694	650	4	355	94	540	195	597	78	42	311	569	651	87	231	125	779	810
755	662	166	185	67	325	678	674
803	450	499	242	297	231	629	733	277	249	634
465	722	68	787	565	563	312	242	6	744	137	67	362	537	277	800
660	862	604	464	166	163	396	185	841	164	168	251	622	191	677	354	562
612	898	413	53	556	1	100
300	652	87	221	752	745	102	657	100	287	169	664
125	429	738
118	434	363	390	149	100	112	661	228	630	64	703	376	857	707	843	430	36	594	748	195	23	762	268	761	473	818	175	4	298	141
213	98	252	646	720
557	606	891	23	164	762	657	380	764	384	132
694	608	434	221	390	536	657	67	3	571	779	197	704	183	441	540	597	626	651	105	274	447	331	380	570	650	175	53	316	842	422	625	567	617	537	174
142	47	72	517	381	679	342	619
47	404	742	401	408	164	206	389	381	463	622	625	745	16	358	132
413	850	346	651	343	206	28	224	854	3	618
329	696	312	752	350	102	840	589	398	197
688	225	434	390	569	389	67	100	810	360	756	867	798	378	290	634	192	174	570	72	438	554	869	745	537	3
565	424	67	312
688	660	692	322	422	657	677
515	412	61	156	491	67	95	187	571	142	399	281	441	534	655	703	798	708	582	313	74	186	706	282	527	631	145	573	60	205	177	316	725	558	842	338	517	621	435	235	176	596
422	47	677	660
612	704	515	175	703	422	571	3
569	539	704
26	608	728	626	569	164	206	27	371	100	3	617	174	672	634
233	184	543	625	582	46
688	35	554	276	466	570
651	597	452	650
228	264	704	663	93	29	363	569	327	372	831	100	3	477	19	351	174
704	225	441	357	53	756	631	675	133	378	290	377
514	225	608	226	673	428	536	389	67	571	660	35	611	867	482	679	23	401	164	285	145	380	762	565	567	38	578
179	170	177	226	418	506	247	750	394	100	531	222	532	661	196
338	399	629
794	194	441	399	742	506	452
290	338	661	440
572	47	694	321	18	624	54	650	17	163	401	569	164	466	67	327	847	124
319	90	256	389	100	47	228	704	798	148	893	285	326	97	53	298	744	28	466	349	463	392
562	608	195	346	373	869	408	285	343	389	327	466	191	526	763	798	2	589	800	785
751	658	11	94	539	373	867	265	145	648	3	596
667	744	381	477	473
608	742	813	52	67	149	1	103	56	512	836	105	164	137	45	602	44	560	744	869	868	416
290	428	170	195
24	171	6	603	28	526	100	589	431
194	54	360	438	401	745	172	463	384	287	779	358
228	225	434	4	656	701	821	297	296	100	570	783	277
428	360
731	565	611	777	428	243	689	556	38	674	810
26	660	430	470	539	297	545	100	287	735	810
716	67
690	722
14	413	373	841	381	100	174
142	661	73	74	308	93	140	330	711	395	156	527	822	127	549	162	95	392	122
275	563	841	164	67	455	661
594	604	565	611	285	231	751
782	347	174	128
660	228	608	25	455
323	606	482	607	327	100	366	810
192	145	193	146
660	52	164	677	100
566	660	164	172	677	290
199	562	484	519	128	54	894	337	896	195	383	683	856	798	799	2	780	671	473	785
819	360	438	53	825	867	891	381	384	567	132	509
184	813	832	112	810	534	519	709	820	777	185	381	374	634	195	570	420	629	205	724	175	725	232	737	423	856	833
660	24	633
694	650	322	53	790	597	58	651	845	285	164	100	810
598	370	742	373	343	389	67	358
404	722	464	841	67
767	99	608	134	408	164	607	332
702	624	295	703	847	707
362	164
228	787	57	777	390	78	164	705	129	100	537	810
205	228	606	330	170	78	774	164	67	810	785
704	211	53	346	164	301
752	405	797	699
148	138	29	316	25	67	455	524
514	184	90	701	67	149	783	571	779	56	441	24	534	753	597	582	292	785	233	594	282	23	375	629	851	333	537
706	604
630	706	763	358	792
706	637	626	703	701	43
572	73	44	727	198	630	512	325	600
311	325	809	538
583	275
515	370	742	67	306	571	779	704	441	534	502	611	683	703	452	836	119	274	74	706	282	631	325	526	568	60	261	205	323	93	851	650	175	177	725	338	466	621	435	463	77	462	833
228	704	327	100	174	119
566	819	56	470	276	364	52	58	67
608	144	360	168	857	172	537	810
704	14	229	275	727	576	164	100	125	3
866	72	519	413	711	773	164	231	815	729	234
228	99	608	374	346	725	536	343	392	3	766
284	572	321	606	148	565	53	554	42	206	172	327	132
26	515	355	265	719
228	608	25	491	2
688	803	319	260	225	271	608	742	802	67	779	196	810	228	597	867	482	697	362	600	220	332	62	148	593	637	23	164	607	172	620	570	629	173	44	782	470	650	53	881	109	232	537	872	277
183	658	788	576	314	687	536	507	424	581	277	176
166	424
688	18	632	208	17	217	703	207	32	657	172	717
72	5
324	2
660	839	404	148	126	52	164	641	67	172	677	100	477	766	810
52	593
753	4	744	81	546	67	625	327
639	86	817	160	66	267
752	586
26	321	441	851	53	582	571	277
480	717
613	172	1
694	18	650	870	17	651	32	206	350	38	423	75
370	841	133	67	290
630	332
543	641	296	125	570
228	699	703	766	290	783	377	836
520	90	390	67	27	129	342	100	810	47	228	704	683	867	78	545	124	332	274	164	145	327	268	125	565	298	537	264
455	751
556	271
487	491	82	657	368	67	95	100	810	575	486	836	785	332	164	137	566	488	344	388	872
123	404
17	325	66
458	139	389	537	728
688	694	404	608	802	657	100	779	589	597	651	798	841	538	570	420	724	650	719	338	625	675	431
290	67	381	100
767	608	742	630	603	607	625	556	600	362	730	332
565	631
233	173	321	18	99	148	896	719	569	443	206	109	172	291	335	354	679	730	629	332
763	756	631
738	631
58	6	25	206	95	129	360	382	207	18	659	138	23	764	795	172	132	173	53	298	86	349	617	277
608	90	185	285	705	679	803	629	785
191	129	342
704	389	401
468	667	441	53	282	333	401	389
389	401
572	608	603	67	100	306	528	284	228	56	441	59	703	78	610	582	332	321	893	138	176	722	93	170	102	191	654	3
184	45	276	701	592	812	91	546	67	149	327	625	362	810	836	785
515	90	12	603	657	129	342	100	47	660	183	604	575	540	597	703	185	378	888	707	780	321	74	706	282	841	538	60	501	83	504	298	316	333	38	104	338	422	109	466	335	277
62	441
704	724	229	271	373	100
404	756	87	164	102	657
457	194	695	734	763	157	95	562
538	737
323	44	813	884	149	779
483	482
753	331	565	757	126	637	845	349	766	803	452	810
514	819	56	225	608	148	331	299	434	597	346	650	701	651	742	657	831	537	810
570	99	44	196
201	233	47	56	83	127	536	20	817	269	368	82	187	596	239
471	317	534	330	83	344	539	867	164	435	71	273	180	313	424
465	330	850	164	587	720
228	465	819	500	170	304	180	676
149	302	866
752	465
60	67	464
658	197	90
118	90	305	76	297	821	571	197	810	99	308	441	534	753	703	133	379	378	582	690	124	321	74	145	570	377	485	278	624	117	517	40	264
810	704	671	470
688	228	465	56	704	718	130	53	611	164	466	67	290	803
769	761	748
745	389	401
47	440
228	658	899	470	7	29	502	539	238	136	597	725	78	339	621	571	803	3	106
704	556	359	785
26	836
447	593	608	53	346	6	42	290	495
667	885	597	651	536	114	197
437	47	413	850	337	143	711	266	406	603	141	168	864	405	761	728	431	785
220	17	172	32
767	99	567	290	377
26	44	374	565	346	164	67	381	290	124	3	146
201	270	412	397	604	170	312	389	829	100	290	313	661	196
748	4	265	721	381	761
437	413	298	52	207	603
182	632	285	109	781	872
182	515	744	536	392	856
299	93	766
565	184	67	718
514	602	515	660	704	606	753	554	58	841	466	109	325	125	277
408	622
53	882	282	408	622
850	889	720
850	236	102	224	720
47	80	701	42
866	539	140
887	18
12	569	67	27	112	187	704	281	185	155	378	582	122	124	274	591	74	282	527	258	60	377	45	650	842	231	264	277
323	53
323	810
441	186	851	282	683	422	569	21	60	571	176	629
370	742	71	804	779	571	704	441	683	591	74	299	282	561	325	60	182	650	175	725	435	77
225	90	12	569	603	67	228	623	658	604	703	185	651	124	674	146	274	591	74	764	325	17	422	338	38	781
358	404	515	742	827	226	456	82	741	206	262	510	100	511	730	489	398	279	142	47	471	441	213	24	575	671	718	31	383	540	134	78	207	763	828	313	224	220	98	530	201	233	259	356	18	275	186	767	432	409	814	255	311	172	809	568	180	877	169	377	97	897	612	628	727	851	329	529	75	504	774	443	102	109	231	415	625	287	135	16	176	247
167	138	158	25	306	779	784
404	520	7	82	168	67	368	100	35	31	304	486	867	758	291	18	36	850	110	327	19	28	372	556	287	16	872	75
694	704	404	229	650	17	346	651	569	164	28	32	325	327	343	100	619	19	780	3
563	460	494	67	361	462
284	34	228	99	6	42	592	28	546	327	80
572	184	585	519	718	753	67	269	866	693	671
184	661	606	470
704	515	12	282	333	527	597	701	104	777	28	389	269	38	781	629
520	347	661	369	854	695	413	749	703	651	805	290	495	707	503	332	36	436	637	479	629	635	322	422	845	10
543	225	90	363	25	569	168	100	306	228	704	290	340	582	503	146	164	327	125	377	97	170	298	235	16	264	277
25	82	67	71	455	524	47	534	575	29	84	290	354	124	241	146	22	332	36	148	330	138	158	87	23	165	421	172	180	261	26	602	44	501	322	4	83	316	422	20	65	40	264
731	90	206	342	228	604	353	185	665	354	290	2	483	220	74	148	173	501	320	123	298	88	556	264	616
125	707	483	452
787	5	821	297	657	112	451	194	59	84	207	495	124	430	18	315	606	748	432	312	172	83	17	316	242	443	141	176
803	450	225	217	297	783	249	300	626	777	131	634	499	407	137	629	246	44	93	4	554	242	231	150	587	277
228	194	166	438	777	110	102	657	368	178	100	526	273	661
288	184	319	404	543	221	549	657	149	27	100	531	455	341	347	68	751	854	196	670	317	623	534	604	31	383	703	382	207	610	736	582	313	766	124	729	98	672	233	18	219	275	447	330	331	158	446	527	561	85	311	164	648	180	125	570	169	120	351	454	646	612	566	97	628	635	851	170	408	508	641	204	625	556	178	235	619	416	786	176	616	669
633	741	49	718	128	867	381	664	610	766	495	18	186	54	593	446	677	771	501	881	560	744	157	109	435	556	392	671
632	346	195	363	373	569	350	325	327	381
468	650	742	597	17	626	651	70
487	404	520	94	505	52	428	491	67	100	511	68	661	398	779	249	310	228	590	534	24	695	749	283	732	460	240	610	679	736	224	437	275	893	282	563	631	285	764	377	444	323	278	246	44	663	724	727	170	744	845	887	680	232	349	435	715	416	16	264	462	856
270	797	275	221	67	197
94	705	571	301	47	56	749	283	666	817	679	2	299	23	811	278	724	467	650	422	440
694	217	701	100	562	196	73	604	626	134	679	290	717	220	764	351	377	132	152	322	17	719	28	41	567	5	221	168	206	510	47	819	413	539	31	304	291	354	672	119	18	878	164	568	97	72	663	343	765	617	671	174	319	6	802	730	103	383	188	207	381	224	693	36	54	23	172	526	323	445	38	287	14	543	7	389	27	810	24	651	376	684	447	606	314	195	407	145	473	480	745	102	868	556	16	358
233	658	210	569	381	2	264	3	674
44	346	867	407	390	868	342	3
184	524	602	695	520	470	330	363	592	253	164	380	581	738	103	332
184	515	543	434	189	221	776	347	46	623	194	441	582	843	321	797	447	527	544	164	677	445	851	625	191
688	543	608	802	569	206	389	368	342	100	658	360	626	134	703	207	291	220	410	18	850	841	172	461	454	632	782	208	223	17	556	235	423	353
658	539	302	145	146	192	3	193
47	278	724	170	505	217	539	719	28	831	68	717	496	661
356	402	18	213	400	100	75
860	475	593	223	206	761	537
688	450	787	225	397	140	166	211	363	433	569	297	747	389	100	369	618	810	73	228	194	300	709	718	597	626	651	381	378	290	866	530	503	674	62	74	186	593	850	419	499	563	631	23	706	448	339	350	172	831	573	60	678	761	377	234	26	323	724	44	727	322	4	242	559	744	842	338	102	343	232	372	191	617	551	537	264	277	247
803	295	742	27	810	704	31	381	362	674	530	332	767	87	195	407	285	339	573	377	470	645	744	414	537	462
720	57	297	100	228	194	534	709	360	539	777	763	133	378	437	321	447	87	9	164	380	268	526	570	326	377	580	722	501	223	438	170	506	316	53	102	680	349	435	191	287	405	358
274	634	18	36	650	748	885	17	346	597	651	325	657	537	75	618
742	29	360	673	346	626	67	378	290	634
724	571	281	441	540	631	486	407	703	338	372	187
612	73	175	630	282	333	206	327	197	146
843	233	184	623	543	441	604	189	505	221	429	625	698	751	582	636	710	423	454
47	56	412	401	127	745	817	82	187	596
