205	292	258
47	42	7	3
65	117
292	303
9	269
9	285
170	195
203	256	208
59	99
51	314	196
9	11	235
136	133
265	281
20	230
203	35
108	38
33	7
229	295
305	276
231	125
19	281
6	226
64	65	29
49	183
175	31	209
245	277	186
82	186
75	321
77	266
31	186
49	205
68	26
151	109
94	108
43	56
249	19	134	89
139	58
227	296
30	193	175
211	228
47	4
71	72	167
298	133
317	174	126
71	213
213	169	152
323	22	279
156	52
132	220
60	201
263	218
207	227	294
88	37	239
136	272	144
103	52
36	42
51	201
82	108
1	2
139	161
30	193	186
210	101	221
49	177
19	197
106	89
51	73	196
142	126
310	200
93	148
131	155
118	43
244	285	35	297
163	118
105	243
301	122
24	72
100	53
80	131
306	262
231	52
92	41	76
230	243
131	184
239	20
142	89
185	53
73	126
103	31
323	169	167
271	149
55	94	108
290	229
290	217
100	317	174	126
249	222	12
301	276
42	41	92	107
71	153	167
17	198	184
100	288
226	243
220	221	138
88	199
172	150
17	38
41	76	107
63	125
113	134
259	13	306
76	29
287	209
199	198
286	135	87
149	104
21	75
216	217
13	106
47	80	108
11	122	235
140	166	145
302	135
311	250
280	133
206	127	58
158	120
292	202
171	1	2
47	8	97
227	311
138	107
172	202	141
6	226	298
144	299	269
111	186
114	32	115
203	207	215
176	107
163	161
305	11
8	65
298	18
8	7	76
247	87
247	108	107
205	141
139	66
159	45
264	65
144	145	269
302	209	206
316	133
17	86
50	184
174	125
57	78
253	34
232	312	236	241
323	145
114	107
73	260
132	65
174	38
312	236
130	115
132	77
127	101
305	292
106	216
34	223
124	127	135
100	174	184
90	35
91	117
54	125
226	106
74	154
232	87
272	313
147	287
41	108
88	232
205	303	305
163	127	77
9	99
27	109
75	294
23	177	126
305	269
64	33	130	61
91	101	92
298	89
124	127	175
309	221
137	273
294	248
231	52	62
36	38
299	288	276
170	107
47	97
176	175
253	244
112	298
255	254
258	288	303
18	295
105	45
155	167
170	317	59
83	124	175
30	82	58
105	197
23	188	177
128	81
196	274
64	86	29
46	298
27	102
44	46	45
96	68
160	169
170	173
293	243
232	241
40	72	167
277	247	55
147	35	297
264	286
112	228
153	102
64	32	61
259	224
124	14	127	135
302	175
303	217
226	219	218
226	104
216	298
86	101	29
275	314
127	107
74	155
193	309
132	309
136	166
90	20	104
258	98
140	301
36	41
25	318
262	215
48	42
276	202	268
163	31	192
71	128	167
239	206
207	223
74	279
31	78
75	102
179	76
93	270	52
105	297
161	66
144	166	145	268
134	243	218
206	58
127	94	186
316	235
8	97
220	289
114	16
103	178
301	281
9	307
293	229
49	73	196
83	263
223	254
49	195
166	141
121	76
112	104
317	62
301	279
258	133
73	184
91	92
27	155
74	1	152
29	66
72	38
174	320
256	208
317	73
80	326	81
13	107
239	277
275	27
259	219	243
73	201
227	253
130	85	101
282	148
272	9	276
91	101	115
205	313
42	101
314	320
132	30
48	70
80	94
36	127	38
205	11
88	176	239
31	182
226	33
311	256
189	125
299	268
83	30	82
265	322
139	30
71	279
49	317
205	189
92	29
290	281
21	109
239	108
163	324
169	195
176	178
223	215
264	312	236	241
71	27
61	115	16
124	14	56
71	167
37	121
73	62
292	145
274	22
71	80	167
86	58
314	72
30	31
147	263
111	241
145	10
41	92	107
265	280
280	301	305
6	112	218
6	259
303	178
54	126
47	115
282	223
70	65	61
189	196	184
74	321
85	3
247	108
310	145
210	101	78
312	186
245	312	135
210	198
257	297
70	61
227	255
112	303
37	11
112	285
36	76
83	82	135
28	91	76
258	280	166
148	199
32	115
163	82	186
286	111
82	138
195	126
310	282	250
51	103
31	178
292	177
269	316
70	41
264	247
132	186
185	177
249	104
226	243	89
8	29
75	154
227	310
121	38
116	93	61
171	216
14	43
21	155	167
114	29
1	131
230	12
19	12
299	281
133	10
103	128
112	89
267	73
144	293	305
88	286
156	68
275	215
118	184
48	115
86	110
21	169	167
132	191
88	66
136	299	280	303
287	166
100	173
1	155
71	326	81
253	46
297	296
185	54
302	31	178
263	200
87	18
275	169
23	275
88	266
72	102
47	121
150	298
49	54
171	60	180	184
105	295
22	279
187	201	195
139	221	138
169	165
142	128
47	4	42
165	68
93	323
17	138	139
207	263	256	208
47	97	92
203	215
253	215
98	174	177
9	10
98	59	195
63	146	201
95	149	187
199	202	184
216	84
175	58
203	227	215
275	159
36	3
71	169	81
74	169
40	214
17	65
70	58
148	297
316	9	10
161	108
64	121	29
60	274
175	58	186
216	251
182	192
19	243
205	145	287	269
232	33	61
226	113
277	61
164	270
70	205
219	12
85	107
96	67
305	268
95	158	72
207	308
79	78	61
47	13
33	65	16
193	206	84
57	186
120	270
323	26
292	235
305	299	301
131	60
142	235
287	142	307
148	308
286	107
5	106	90
213	208
63	188
49	118	195
170	185
213	242
170	171	188
161	181
170	187
47	42	85	108
176	31	178
150	293
103	52	159
255	72
36	210	38
179	186
88	108
265	53
28	101	92
47	4	3
31	178	181
21	74
299	288	18
37	191
149	323	26
304	194
277	124	111
245	55
288	133
92	107
112	11
70	8	61
47	97	41
113	112	9
244	223
193	186
73	188	196
287	145	291
47	107
8	38
179	233	181
203	326	254
309	31
221	138
108	7	76	66
103	25	102
188	183
98	99	126
194	22
112	13
215	223	199
51	263
172	166	145
170	98	320
65	101
142	269	141
264	78
156	159
156	283
88	176
6	138	139
75	22	279
150	276
277	252
231	62
179	78
265	278
60	183
214	39
213	294
21	93
112	12
262	18	45
220	123
293	235
21	22	155
303	141
232	247
235	10
298	215
75	27
210	221	122
49	188	177
160	73	170
75	25
60	126
125	62
193	192
180	60	184
187	53
73	22
91	130	92
147	148
286	236	87	241
232	14
70	33
171	321
209	178	108
5	150
80	111
194	71	72	81
90	44
23	112
97	92
100	174	60
70	7
219	134	298
100	293
19	89
73	54
21	153
37	3
104	293
86	29
301	291
259	134
144	95
155	279
60	201	184
8	7	107
164	158	69
114	64	121
150	133
33	76
163	82
158	321
98	174
94	107
158	162
205	269	258
150	290
75	102	155
144	313
277	236
212	134
123	195
220	191
231	201
21	279
85	221
132	78	58
256	250
152	323	26
205	172	11	258
161	135	84
259	211
28	85	7
142	313
213	152
4	32	115
82	122	186
95	187	158
135	197
302	161	58
31	209	266
4	85
242	296
27	128	318
156	67
60	50
75	149	151
174	107
263	34	35
9	303	281
128	2
70	37	94
259	229	243
294	204
213	254
196	235
102	107
171	199	184
98	188	177
112	192
78	243
104	217
259	90
261	241
90	106
129	94	108
20	262
171	73	196
299	285
292	313
136	265
41	7	66
77	186
277	237
112	113	12
150	105
101	107
89	12	112
122	123
207	212
286	246
180	231	54
306	298
164	304	22	194
111	56
90	226
169	158
70	127	16
87	107
98	99	201
265	272	281
231	109
299	315
163	206
142	281	141
144	269
175	133
288	293
130	76
196	52
187	50
4	127
11	61
170	78
258	11
151	2
306	148
104	230
88	246
98	320	126
232	32	107
5	106	12
75	2	279
47	4	92
91	210
157	120
94	29
51	68
9	276	133	281
277	82	186
323	128
202	300
8	7	37
22	152
249	295
127	77	58
1	22	155
176	302	115
59	50	184
4	65
311	326
73	188
15	232
265	305
206	209	58	302
139	241
284	110
147	263	297
121	29
51	196
75	323
205	300
75	2
47	302
253	257
122	237
127	167
287	142	235
140	166
321	279
21	128
264	123
31	108
212	44
155	152
95	169
263	82
24	327
132	233
97	111
149	105
113	229
170	74
98	174	60
2	102
30	175	186
49	317	126
282	250
94	66
112	273
287	292	301
171	154
163	101	221
187	184
60	54
234	254
305	9
49	187	22
131	102
21	71	128	81
76	204
42	127
193	161
5	113	134
317	177	126
187	168
112	105
205	202	184
104	89
116	121
160	146
144	301
259	19
232	266
187	126
292	291
302	148
51	52
119	159
259	306	107
206	178	108
127	175	77
301	142	141
115	32	61
124	186
13	113
150	222
301	288
57	178
15	312
116	31	178
283	96
97	127
231	184
287	90
15	122	135	284
172	196
88	13
91	36
74	81
21	155	318
176	115	206
88	261	238
259	13	262
221	78	77
108	126
106	243
172	145
36	116	38
47	71	167
149	99
263	256
85	92	66
64	115	61
243	35
145	141
27	153
170	174
51	260	173
259	5	112
272	172	281
234	256	215
64	176	115
314	67
55	286
36	181	38
163	101
249	217
309	175
206	138
144	299	258
28	116	32	115
6	112	219
21	22
249	12	197
132	191	161	84
160	168
173	72	126
150	202
78	84
46	295
93	25	26
21	80	155
6	321	139
280	301
27	151
1	103
188	173
226	228
20	218
179	261
83	123
103	25	167
71	196	72
43	284
51	60	177
190	67
157	159
320	201
226	290
57	302
118	59	184
212	211
203	253
149	26
112	216	298
205	288
23	68
299	293
291	281
32	38
140	293
220	161	58
112	45
101	92	107
303	235
34	208
220	161
4	36
173	304
80	152
206	108
268	300
245	264
68	24
90	197
35	281
323	155
280	9	303
285	296
272	301	285
9	276
212	229	243
166	291
252	110
128	22
100	184
305	142	202
305	166	145
17	138	198
61	86	29
145	278
5	313
22	155
150	217
13	108	107
5	252
170	274
60	12
225	236
179	161
63	126
205	145
272	303
265	303
19	104
318	279
317	59	195
232	82
265	172	202	141
166	145	269	268	276
261	302	175
20	9
82	266
289	78
75	155	167
93	39
299	228
259	5	113	134
264	124
220	84
271	231
28	85	76
215	208
33	127
140	287
15	14	135
55	225	135
75	39
113	306
85	86
261	155
272	145	281
94	87
229	134	89
70	94
277	124	43
71	184
80	169
207	296	254
73	189
287	291
120	52
30	79
310	204
74	102	26
144	280
24	162
55	286	246
249	93
20	60
57	79	78
212	298
148	35	297
11	178	235
13	45
323	109
100	188
74	318
94	76
113	243	217
194	195
136	268
263	119
65	38
90	105
247	286	87
276	166	145
302	221	58
17	91
98	320	184
243	134	89
82	284
264	65	312
279	81
205	258	265	141
249	12
265	11
55	122	135
72	167
4	8
258	291
6	18	218
70	121
166	145	285	144	276
112	113	89
83	302
42	3
28	115
280	303
212	250
326	254
104	134
179	138
194	177
107	7	66
6	105	217
49	60
171	184
124	135
51	146
277	163	77
27	72
174	60	99
321	199
205	258
9	11
80	102
55	225
100	98
249	134	89
277	266
272	142
320	72	184
277	111	135
116	130
1	131	2
70	37	135	56
281	217
140	144
173	195
275	54
9	133	10
309	181	192
286	237
19	229
140	202
148	251
130	108	107
132	191	161
171	227
32	3	107
277	43	186
188	25
144	141
305	301	303
57	210
183	201
223	148
59	195
303	9	11
277	241
36	72
212	113
259	226
116	94
5	19	113
85	108	66
65	182
262	217
205	299	280
144	265
9	293
78	192
124	14	87	225
17	235
63	118
168	146
21	167
179	198
321	155
299	142
279	26
73	196	60
83	127	302
156	96
40	321
21	243
13	18
5	228
36	7
63	98	189
23	24
9	268
75	73	187
82	167
64	116	115
89	45
48	61
287	157
227	183
236	111	135
48	8	92
171	73
51	165
259	243
65	108
302	79
109	102	318
301	141
227	223
114	64	61
42	4	8	47
131	103	102
311	214
147	326
272	60
150	321
171	60
259	159
51	196	173
17	41
70	77
93	52
104	105	243
314	260	173
139	45
172	142
144	145	285
205	172	258
80	128
205	202	291
92	108	107
27	155	318
191	210
112	249	217
15	56
216	89
100	98	174
49	174
127	135
313	142	281
116	33	65
280	313
112	18
30	193	122
1	279
196	126
131	318	279
82	122	135	284
23	319
305	293	281
265	322	281
225	87
74	75	151
24	319
314	162
171	59	184
305	322
207	251
314	260	72
163	127	77	107
51	317
314	196	173
295	45
94	108	107
287	142	141
239	31
193	233
310	223
185	196
213	187
101	41	108
206	209	58
114	124
111	284
74	149	27
51	131
229	228
144	166	273
179	30
156	143
219	216
259	218
163	127	58
177	167
64	65	130
28	32	115
301	293
170	73	126
77	237
103	209
249	326	296
17	117	130
106	222	89
172	281
91	38
162	319
264	232
147	65
21	27
227	199
299	288	269
113	104
132	309	58
131	120
74	75	102
49	34
116	86
245	58
275	95
179	94
49	72	177
226	20
318	167
144	272
96	200
5	89
88	232	261
219	105
102	81
205	133
124	14	135
103	318
9	293	281
261	277
222	12
259	44
294	281
264	246
114	66
228	295
6	229
224	211
113	306	228
13	20	18
114	38
116	92
309	61
42	238
82	111	135
36	191
139	36
95	320
71	155	167
316	9	235
114	92	108
205	272	258
265	133
282	199
144	142	287
13	195
170	317	174
299	166	145
11	214
98	50
74	72
85	41	76
272	269
288	300
28	4	108
158	52
93	314
287	306
25	27
64	94
151	167
306	134	216
130	101	115
80	128	81
167	102	26
8	210
176	206
51	73	173
148	35
212	230
188	72
268	141
188	304
187	60	184
8	37
49	203
112	218
101	77
245	111
149	158
136	144	305
37	178
317	174	177
220	312
317	72
114	117
261	108
119	165
42	108
225	286
149	151
9	276	10
265	276	268
259	104	134
226	13
112	46
95	149
324	77
127	94
253	35
245	252
317	188	126
136	9
6	217
17	29
262	243
205	98
151	152
5	18
100	177	126
142	303
121	117	130
21	149
252	87
13	92
221	206
8	76
86	38
298	281
226	20	219	218
102	155
229	298
71	80	194
24	52
261	82
301	292	305
149	25
28	91	107
177	99	126
37	135	56
70	37	186
61	121	16
100	189
28	115	61
323	103
172	268
236	241
312	61
249	106
205	299	172	265
144	269	285
14	312
88	225
79	58
95	93	270	52
28	32	29
64	75
244	148	35
249	251
302	138
227	248
74	151
15	124
256	223	254
179	163
193	122
191	233
113	298
136	272	301	285
234	208
28	130	32
238	192
98	188
173	183
5	255
103	209	178
17	36
33	122
4	36	37
90	12
91	97
245	225
25	152
164	95
74	167
144	305	273
48	32
112	216	228
317	177	107
180	63	275
226	105
163	94
176	175	209
258	278
150	11
4	86	121
239	252
21	323
323	218
163	77	84
123	110
207	20
169	167
196	120
37	56
280	172
223	151	26
98	193
232	103	312
178	217
179	36
31	178	266
299	313
226	302
245	247
117	250
113	262
320	126
171	1	22
73	183
171	74
225	221
320	72
115	32	29
5	13
179	176	178
288	216
55	135
249	298
142	307
73	188	72
195	199
83	266
15	14
145	11
144	205	141
311	34
194	125
145	268
277	237	135	56
122	111
259	13	222
179	191	178
89	251
65	61
264	182
46	228
71	128
259	5
188	320
293	281
117	101
188	162
75	54
187	60
104	243
226	9
285	278
249	19
160	60
205	305
88	247	87
42	86
11	300
86	101	76
220	77
170	50
226	150
78	58
6	112	89
239	135
83	100
48	7
231	177
247	111
61	32	16
225	209
160	51
149	81
202	291
64	130
76	108
48	4	115
100	72
67	52	62
49	263
142	291
118	84
301	290
58	29
20	216
148	248
136	144
2	152
280	11
93	32
264	277
292	103
265	301
213	234
88	247	286	245
230	18
30	78
249	218
106	219	134
287	133
51	75
144	278
4	115	108
75	152
264	232	236
144	287
114	127	108
140	150
135	186
191	178	108
91	200
17	7
205	290
18	198
220	178
305	60
258	281
225	286	87
122	186
6	216	217
105	281
298	134	218
173	320
73	60
124	232	108
44	295
249	223
83	55
176	31	182
177	126
161	186
301	307	141
172	11	293
121	127	107
188	82
285	268
108	16
167	155	26
49	296
106	313
124	127
144	293	205
203	73
299	298
90	295
142	268	281
299	172	141
189	62
290	133
17	262	138
248	184
245	82	277
9	84
159	152
187	67
1	81
203	250
261	135
191	161	138
64	117	121
323	167
76	16
127	16
75	22	152
4	42	85
287	196
27	279
130	77
21	2
170	73	177
292	135
85	76
256	215
196	189
265	9	11
223	326
36	94
171	22
131	200
48	38
33	61
166	45
15	266
200	199
324	206
104	152
227	204
205	299	172
246	135
71	103
91	116	115
48	85
85	38
49	163
267	232
219	11	122	218
211	18
257	256
90	262
193	82
15	14	312	135
202	153	167
9	11	316
53	201
49	59	60
255	296
114	127
49	185
15	14	135	43
19	296
88	87
75	125	62
174	108
258	299	288	265
318	126
80	68
8	127	92
21	49	128	22
245	232
134	18
49	164
311	214	282
112	106
170	320
188	177	107
176	192
32	7
259	298
301	303
260	60
48	163	94
247	246	87
49	63
22	167
264	43
112	104	89
271	153
5	106	197
297	244	184
18	218
207	244
4	176
211	46
40	39
93	168
326	223	248
49	117
179	57
113	230
149	152	167	81
112	251
100	320
249	35
226	290	217
187	183
207	296
288	159
185	60
248	107
1	318
139	321	138
163	56
207	77
264	122
194	72	81
27	167
116	176	31
17	98
157	151
172	268	281
80	323
267	124
203	263
222	105
201	72
262	45
28	130	91
43	266
304	177
271	159
286	38
224	219	226
17	116	16
83	264
245	261	277
166	268
287	38
89	218
256	251
80	22
209	182
262	108
196	184
88	247
163	175	77
73	67
149	155	152
80	108
149	153
265	11	133
262	229
323	153
274	189
116	176
6	112
33	107
113	18	217
263	113
220	79	78
275	151
47	42	121
47	80	111
242	27
103	94	108
6	226	262
72	81
193	82	58
79	138
188	60
205	142
109	279
163	77	161
287	105
305	272	141
298	285	281
71	152
173	274
213	215	199
271	128
272	269	273
203	213
287	148
75	151	155
242	263
205	287	258
156	154
306	216
37	85
238	284
65	312
309	138
170	126
123	284
71	173
37	76	108
114	64	65	127
275	155
227	34
98	177
40	22
255	214
268	10
63	53	59
285	298
126	170	107
293	316
272	166	145
318	81
49	190
179	121
63	59
242	67
196	72
124	232
264	267
277	43
207	282
27	81
60	128
170	108	126
150	269
264	247	87
224	217
49	174	196
264	135
122	238
211	45
271	152
149	321
163	210
179	78	161
198	84
149	152	81
3	66
15	43	312
127	77	107
280	276	305
106	222
2	318
280	299	281
226	251
101	41	92
206	84
267	225
33	32	85
28	302
36	32
94	31
245	237	277
147	242
303	41
96	327
264	317
64	33	65	115
37	122
113	18
109	26
244	174
151	279
184	177
302	61
326	297
243	134	216
5	90
303	202
239	110
231	67	52
180	54
6	230
317	173
4	248
65	77
261	232
65	225
249	89
75	32
28	4
288	281
163	57	77
153	22	155
70	37
180	201
95	149	158	187
264	15
301	273
271	177
77	58
164	169
11	133	10
75	22	81
196	178
277	167
14	312	135
281	215
160	73	196
174	59
51	63
220	233
213	186
31	209	206
49	170
140	251
72	184
21	187	22
63	98	195
10	313
302	60
85	94
178	126
275	69
259	108
302	107
286	178	108
127	3
83	302	186
17	114
275	95	159
104	12
70	114	127
311	104
28	101	3
249	229
194	73	72
260	314	196	173
131	22
127	7
287	142
147	120
283	67
47	48
79	108
25	109	26
21	25	22
179	220
326	199
75	151	26
174	189
259	262	18
305	281
245	261
233	39
11	10
11	208
209	31	178	182
285	297
23	158
130	84
301	172
224	31
249	13	229
259	262
124	108
82	252
148	159
180	51
67	109
286	161
147	244	285	35
207	213	326
231	149
298	45
206	181
48	91
98	173	59
47	70
264	236	110
43	228
77	138
275	283
79	122
148	204
321	2
114	41
169	68
265	172	287
150	12
310	214
17	42	47
85	87
28	42
264	286	56
171	174
317	107
275	201
213	223	326
5	106	90	197
31	58
231	53
147	203
280	287
4	116
132	302
109	54
165	194
163	55
47	167
103	155
138	184
245	246
19	212
323	166
163	193
177	316	126
49	118	60
246	107
299	307
176	302	31
245	236
47	94
195	125
136	272	202
311	303
49	187	196
298	197
171	189
72	50
95	120
150	20	224
117	107
271	27
211	134
299	288	103
267	43	135
142	293	281
203	310
100	174	170
44	45
163	186
291	268
5	222	217
267	225	87
4	117	130
7	108	66
36	116
86	115	29
231	250
321	159
207	34
25	2
223	296
307	285
166	9	145
264	246	87
21	323	167
99	194
169	152
170	73	188
6	230	134	89
116	32
49	118	100
33	86	32
219	122
6	203
30	193
47	108
147	148	297
91	252
231	50
207	112
245	192
136	303
59	184
113	293
93	218
147	251
316	313
100	73
251	126
145	243
28	76	29
147	244	251
144	166	276
53	183
170	177	126
181	199
205	299	303
239	240
55	312
28	108
49	63	125
101	108
124	325
179	58
263	303
19	298
78	181
260	196	173
129	94
258	150
267	84
163	78	84
171	1	2	22
245	163	58
82	58
287	272
69	52
143	40
28	41	92
207	213	296
93	155
34	254
30	122
68	231	67
28	47	41
265	142
224	134
271	78
80	72
112	134
51	11
145	202
32	3	38
64	33	65
21	169
272	11
51	131	159
73	196
83	58
112	219	243
47	16	107
117	178
17	55	92
6	249	222
60	62
232	325
145	290
261	236
263	222
283	51
220	57
231	60
203	207	326	215
73	59	50
213	326	215
74	27
112	262	216
280	105
132	31	107
278	141
104	229
249	9
25	153	152
285	10
278	273
28	32	76
113	219
205	303	11	258
73	196	177
161	199
312	256
59	189
132	57
106	104
256	84
114	116	33
139	191
1	26
100	145
305	150	313
32	229
313	281
175	108
94	7	76
239	261	110
131	279
145	269
324	176
17	36	76
265	287
87	56
187	22
220	58
74	25
282	297
296	215
79	31
79	192
114	116
139	179
255	256
72	22	155
28	47	107
220	138
207	326
134	45
145	285	251
272	137
18	228
205	199
88	55
114	121
202	184
94	161
83	114	116
271	25
163	175
315	269
41	29
277	163	186
73	196	184
101	76
6	249
74	73
163	112
280	10
176	209	178	206
182	186
107	7	76
277	111	29
226	229
214	215
140	268
70	60
239	56
5	104	230
175	182
162	99
124	14	175	127
175	178
130	178
85	101
140	258	205
287	178
60	125
297	208
116	33	115
166	276
65	93
71	102
299	166	269
243	218
305	291	300
293	18
86	16
210	78
87	110
277	236	135
51	327
118	24
239	261
285	133
60	194
118	59
237	56
40	167
6	105
59	72
64	302
187	320
73	320
176	302	209	178
277	82	238
193	58
144	299	145
28	130	115
71	80
183	125
287	211
177	62
82	111
25	153
286	56
318	2	22
17	121	115
261	267
287	244
313	141
71	40	167
264	178
3	2
147	244
259	251
258	300
83	43
78	135
82	241
74	169	75
293	202	268
258	141
100	118
63	53	125
272	10
42	7
120	148
73	274
223	26
185	118	183
98	118
48	92
72	18
257	250
4	85	108
265	268
75	242
21	323	22
287	197
271	323
272	285
143	321
103	141
261	264
243	12
306	18
132	58	186
139	259
6	218
246	18
259	249	134
245	14
139	220
64	107
126	177	108	107
21	159
11	218
57	209
271	22
63	274
242	215
268	89
287	293
63	173	184
88	237
67	89
245	277	135
18	251
183	195
106	105
205	172	258	202
101	94	108
302	182
132	161
49	62
98	187	177
277	186	56
127	77	135
20	89
163	175	186
1	293
112	219	243	218
122	38
37	127	7
59	201
32	61
101	78
224	228
302	209	58
91	61
28	237
63	177
83	127
64	33	115
271	81
57	175	186
55	60
163	302
269	217
142	167
175	228
114	32	61
57	302	84
119	120
20	104	18
116	8	92
207	287
101	76	29
289	221
170	73	173
156	169
71	75	26
221	198
23	9
11	268
21	154
32	115	107
176	78
51	285
47	4	94
205	269	133
72	326
188	167
163	161	84
268	184
91	85
21	69
91	92	76
112	222
4	16
223	161
272	133
73	194
165	60
79	78	58
287	303
95	168
7	107
87	72	18
85	7
219	262	218
71	318
49	180
75	263
175	77	58
132	94
166	218
114	167
144	276	145	285
219	134	243	218
86	92
49	171	170
133	300
209	77
267	43
203	207	208
153	102	167
178	58
88	238
265	288	9
136	299	280	258
317	320	72
114	116	61
158	159
5	298
6	112	219	218
317	99
5	106	89
138	84
203	256	204
164	69
82	122
53	60	183
176	209	31	182
116	65	115
70	8
171	51	73	173
305	142	281
112	219	18	218
21	72
179	66
43	225
235	281
121	97
149	169	152
305	278
277	29
17	64
136	137
163	58
212	229
312	241
244	243
83	122
88	240
224	104
233	60
60	148
278	281
4	107
118	125
21	271
49	173
90	104
312	29
276	281
18	217
166	276	285
152	81
211	32
287	142	305
28	41	76	48
112	113
301	166	273
260	173
302	127	82	186
309	198
259	226	13
157	154
98	159
303	281
75	128	22
5	216
215	199
51	196	120
119	24
220	101
73	196	187
57	324
159	167
112	295
49	73	187
222	89
75	168
183	126
176	58
323	25	167
146	173
100	126	107
113	197
13	78	108
74	149
287	278
101	221
135	266
83	64
245	124
11	60
223	248
30	193	58
53	148
73	99
172	166
97	7
114	33
118	194
47	237
256	294
6	134	218
198	186
61	38
80	103
118	177
59	177	126
55	266
9	11	313
100	174	183
30	58
162	177
30	138
111	135
21	95	22
91	41	61
293	104	202
239	225	110
21	49
43	123
172	276	268
263	311
136	140
28	41	108
64	121
231	173
214	248
63	195
249	134
188	59	177
49	231
75	318
231	118
92	76
156	18
47	80
219	11	218
149	154	152
210	161
324	161	206
122	108
269	256
67	199
265	287	141
20	104	217
48	117
222	197
184	126
154	81
175	31
225	111
15	238	284
14	186
80	27
299	11
114	33	61
37	66
132	161	84
71	80	81
265	313
144	299
52	22
201	195
232	312	236
104	218
212	105
13	250
101	94	107
49	95
248	215
55	241
163	101	186
85	101	41
100	67
133	281
149	294
93	45
205	288	258
17	177
4	3
49	125
132	79	78
136	287
121	225
156	63
203	215	199
78	138
203	207	326
132	181
4	42
171	194
186	56
265	145
219	122	218
136	172	276
299	292
142	321
60	228
59	304
128	154
51	303
139	241	198
14	175
17	85
85	115
311	204
174	177	126
314	260
70	133
47	85
57	127	175
22	141
263	297
47	42	107
227	35
280	141
75	149	155
144	11
239	277	267
147	244	285	251
83	135	123
13	105
95	270
286	236	241
89	228
112	9
115	107
112	243	218
75	174	274
210	191	161
324	186
28	101	32
9	12
93	199
150	166
144	272	141
232	55	286
294	254
249	303
51	158
299	303
180	27
101	38
40	109
6	219	18
277	163
144	166	269
244	159
91	85	76
267	82
43	312
11	313
71	213	152
151	26
305	145
309	101
170	326
44	134
226	293
277	237	29
17	64	121
285	148	251
142	243	281
37	281
113	306	216
129	92
244	257
70	130
134	243
6	134
88	176	178
277	15
310	43
172	291
80	151
277	127	186
101	41
265	272	166
147	51	285
164	304
115	76
67	52
144	9	285
49	22
111	266
235	72
287	235
100	174	177
55	237
232	124	14
113	106
94	61
268	281
121	237
142	269
93	152
85	130
27	22
249	105	218
83	30	82	58
108	186
236	111	241
269	141
114	36	61	29
175	206
171	98
303	133
264	232	312
91	41	179
238	123
9	25
265	272
10	141
258	202	141
116	232	61
282	281
144	301	166
36	181
269	133
147	297
203	199
98	126
12	217
85	61
144	272	281
17	112	66
275	95	158
116	33	32
64	65	121
164	275
20	106
88	245
263	257
146	201
136	280	305
42	297
263	296
17	181
306	192
286	87
73	173	72
320	195
118	72
144	133
48	114
160	202
188	59	126
231	27
173	59
15	286
145	291
191	302	108
21	177
47	92
148	138
259	13	108
17	33
112	113	298
195	84
306	161
5	13	226
185	189
5	89	197
169	327
91	41	115
79	221
239	261	238
303	60
37	127	122
311	214	35
174	194
92	3
232	16
323	166	145	304
179	163	77
77	206
93	184
91	101
286	18
94	38	108
256	296
175	181
98	73
203	148
77	84
226	60
301	269
302	221
82	122	135
271	50
100	51
48	4	97
280	299	288
106	218
163	193	78
227	256
305	141
51	59
220	221	84
79	78	178
239	284
4	8	108
253	256
196	177
219	262
21	102
166	285
202	235
211	251
249	18	217
96	159
201	126
258	314
164	162
276	104	293
71	128	81
249	113	197
169	109
219	243
20	293
275	118
73	174	72
205	202	141
21	323	169	167
156	119
305	322	301
142	285
58	84
77	135
172	276
17	176	178	108
98	59
100	126
171	73	72
301	288	305
311	296
299	145	269
147	172
150	106
205	287
166	9
115	108
258	280	145
21	103
193	60
169	72
283	155
166	145	202	269
73	118
5	167
259	298	218
75	26
163	221
220	181
114	101
292	202	291
254	208
245	277
324	302
180	67
276	313
33	86
247	55	286
128	109
146	159
116	85
292	11	235
111	237
302	178	108
71	9	25
127	38
179	92
212	243
258	303	269
17	101
17	70	127	16
91	13
17	61
57	161	84
111	135	237
185	187
222	262
49	196
214	35
17	178
174	60	184
280	268
280	150	287
244	214
224	105
65	127
302	178	206
14	135	186
77	38
11	281
310	326
305	172	273
100	195
244	18
49	260
194	188	72
49	187	171
261	110
30	221	58
9	281
3	76
205	303	133
136	272	285
91	107
158	27
57	58	84
112	13	18
149	155
272	231
20	224
311	35
265	150
297	184
258	288	202
114	64	65
119	314
211	298
164	327
112	113	228
64	117
131	102	167
24	18
71	153
51	270	95
288	202
176	178	108
180	184
31	161
17	225
165	96
88	252
166	145	285
265	321
234	223
161	135
63	189
245	116	115	246
324	191	161
36	61
107	56
17	184
28	210
94	279
96	120
178	77	108
86	32
226	89
99	184
122	252
136	137	278
264	238
200	208
124	76
75	22
292	142
5	20
321	138
305	301	291
90	134
249	296
225	286	56
213	214
280	273
213	234	296
258	285
326	296
136	288
259	229
164	319
114	33	32	61
203	195
144	172
71	102	167
94	38
174	72
128	72
173	72
100	62
49	51
245	162
42	85	41
312	82
296	293	281
30	161	84
49	187	174
263	148
131	103	81
71	109
98	184
17	117
83	124	56
229	105
225	286	135
145	218
150	292
117	32
203	34
307	300
28	127
226	222
21	27	72
211	78
323	22	152
132	210
98	173	126
105	18
194	71	72
85	41
276	104	268
277	135	186
136	272	11
147	244	214
245	163	77
49	187	50
98	125
89	243	12	197
129	108
277	312
122	235
191	159
277	58
179	191	161
237	135
27	152
70	64
170	317	174	126
42	41	76
74	271
261	225
6	112	216	298
16	66
88	241
179	163	210
51	52	159
161	148
49	187	170
100	317
123	266
36	256	38
208	204
311	282
243	228
179	38
169	69
21	95
203	223
276	278
252	135
244	159	297
247	55
71	81
299	300
132	324
263	35
163	81
271	174
71	75
21	71	167
305	272	285
17	33	32
157	68	26
13	55
174	194	126
180	187	54
146	35
64	237
76	201
299	166
28	41	76	107
239	302
31	107
170	188	194
65	115
9	235
64	232
205	303	141
17	222	139
85	101	115
51	173
33	32
85	92	108	66
163	57	175
170	183
15	14	312
165	159
20	251
259	197
5	104	112
225	61
101	92
131	194
281	141
64	32	115
277	55
9	316
27	22	155
6	222	217
207	227	215
296	223	254
268	273
20	219	218
178	167
214	257
14	123
12	295
191	209	178
71	153	72	167
55	87	72
13	296
226	134
13	197
157	327
77	178
112	249
239	245
253	294
175	79
27	54
49	118	196
291	313
238	135
64	60
94	72
309	58
5	197	112
263	294
242	125
147	159
317	59	126
287	9	305
10	281
263	208
155	326
25	26
74	103
148	208
49	231	187
48	127
155	126
130	117	32
194	126
83	232
299	133	281
70	37	127
166	278
203	294
93	149
132	179	77
6	90
176	302	31	178
316	66
211	222
205	258	235
294	199
149	167	152
216	218
258	316
15	122
229	134
249	243
296	254	208
15	58
16	107
171	235
63	174
234	248
258	273
205	172	265
75	231
166	142
254	215
60	159
95	149	152
324	223
4	206
178	192
93	84
317	60
271	187
60	304
118	60
248	141
57	221	84
17	286
219	197
255	263
301	313
287	292	11
142	281
265	202	141
225	94
258	265
275	24
287	9	291
114	116	65
90	216
57	78	77
51	141
139	84
18	296
97	108
196	59	195
283	60
147	200
288	315
114	61
305	133
122	56
47	92	48
89	281
5	197	12	89
87	72
205	301	305
76	107
49	267
153	103	22	167
249	219
235	228
189	183	62
320	177
49	73	118
171	185
174	201
108	84
153	22	167
322	215
85	129	66
213	256
48	4	85
288	268
44	46
256	125
144	272	280
115	94	108
149	109
175	186
244	184
17	198
144	273
103	128	81
292	166
5	18	89
292	316
222	18
211	39
263	210
3	195
224	219	218
310	256
150	235
14	241
123	87	266
171	196
164	128
210	31
230	217
188	189
100	65
105	89
51	125
290	262
237	252
145	298
48	8
299	145
195	189
78	178
173	159
83	15
6	216	298
196	50
259	5	113
114	36
243	251
31	221
287	305	141
233	209
103	72	81
207	254
113	60
288	269	202
57	77	84
146	72
232	55	87
302	326
229	243	295
48	4	8	115
306	216	228
188	196
136	272	273
267	201
91	76
9	243
104	105	89
167	26
213	126
193	206
122	84
314	24
63	320
72	177
112	9	228
169	52
229	218
270	159
83	135	245
34	250
180	63
70	107
326	72	81
55	246	87
145	281
268	296
53	196
263	214	296
216	243
245	43
258	8
132	163	58
205	315
275	231
144	272	301
323	22
139	221	138	220
36	86
239	261	108
78	161
136	281
34	35
202	273
208	199
145	273
64	37
17	97
144	205
305	272	269
179	182
23	75	275
172	313
151	81
49	169
51	169
172	142	273
75	274
276	235
63	173
207	249	296
263	326
100	174	107
276	285	268
228	217
91	101	41
249	152
220	176
226	195
64	87
245	124	277
20	243	18
203	282
258	166	145
65	29
176	31	206
130	32
127	130
8	108	66
163	84
102	152
258	299	288
74	75
23	11
116	176	302
271	102	81
21	25
317	174
140	285
171	183
299	202
196	320
71	75	152
147	285
122	192
231	185
314	103
124	312
23	176
205	310
269	159
29	16
57	84
201	184
205	202
220	78
181	192
63	98	99
160	75
194	72
230	298
179	146
82	122	284
61	56
205	184
113	216	167
163	176
17	108
148	184
135	284
119	62
131	153
5	106
100	174	170	126
152	26
176	302	178
172	314
144	166	145	281
219	243	218
49	133
265	202
53	62
168	69
95	52
259	104
122	138
188	99
255	257	215
170	317	173
305	166	142	145
97	41	76
70	127	77
249	293
21	2	22
71	149	323
130	117	115
36	108
59	177
207	215
287	172	305
167	152
127	175
187	189
28	91	85	76
95	72	22
280	303	281
244	297
49	100
103	18
163	127
285	326
135	87
170	194
130	108
264	232	312	241
74	54
5	303
132	31	221
95	187
100	317	126
47	76
247	55	246
245	163	127	77
258	288	265
164	158	270
178	107
136	305
134	218
229	243	218
69	68
147	35	326
269	235
226	13	105
147	285	297
122	184
150	281
94	92
17	220	84
126	77	107
203	213	215
251	45
136	276
196	59
114	85
28	42	41
131	2
79	78	84
127	61
24	252
312	266
292	276	268
20	243
37	77
247	55	87
245	124	186
209	58
298	243
36	8
112	219	218
91	178
182	181	192
287	256
49	118
163	77	181
237	241
11	235
277	124	14
75	167	152
83	163
60	189
156	162
17	122
119	173
139	221
132	31	209
53	250
180	125
71	131
163	192
226	295
166	11
265	172	141
157	68	223
196	11
128	102
28	41	76
180	292
144	166	145	269
128	26
233	159
272	307
28	86	29
136	303	293
36	121
73	173	22
321	22
233	178
51	119
24	155
299	172
124	87
17	130
239	302	31
43	78
309	78
130	61
139	198
121	107
116	65	61
21	155
296	254
245	61
81	26
189	184
51	63	125
17	66
276	269
113	216
213	50
230	216
298	251
94	3
8	94
146	67
176	302	206
17	262
32	58
75	103
36	101	92
277	111	237
299	178
93	270
105	216
127	186	163	83	82
171	72
176	221
74	93
135	110
140	299
1	152
9	122
166	145	290
55	108
296	294	208
207	200
11	122
99	177
28	37
64	65	61
161	56
83	82
185	118
43	186
277	124	135
275	51
6	20
205	301
205	258	133
116	302	178
72	215
302	209	178
127	175	186
73	72
200	254
264	284
323	321
317	185	126
1	80
64	33
9	219
49	187	180	125
256	72
95	270	52
28	130	32	61
13	216
127	122
213	326
205	276
258	172
21	27	109
219	134
215	125
305	145	269
112	9	235
73	173
35	204
303	293
249	10
124	14	175
143	129
277	135
310	303
130	32	115
51	281
80	153
190	169
17	37
91	86
267	252
1	2	22
91	32
290	278
124	127	175	135
113	11
30	186
95	149	158
93	77
279	2	22
98	60	62
71	153	81
299	293	291
172	290
63	98
4	7
55	236
57	161
100	72	170
222	138
171	258
113	228
131	128
2	195
20	78
320	184
13	89
285	35	297
150	104
287	150
131	81
51	314	173
134	251
13	222
172	202	281
262	12
267	266
55	78
260	118
277	124	135	186
148	254
150	89
203	214
41	92
28	107
55	94
245	87
224	219	217
288	152
285	202	300
219	134	243
157	196
214	16
255	215
194	184
232	55
33	41
138	58
169	24	162
245	82	122
6	306
52	159
314	196
302	84
142	268	89	281
17	55
21	153	22	155
191	31	161
140	280
193	84
93	109
199	184
77	161
130	32	61
91	41	92
323	27	22
130	85	115
202	141
6	112	226
6	198
30	77	138
275	75
149	169
207	213
174	188
202	12
47	42	108
37	148
147	35
51	270
70	37	83
95	96
51	162
259	13	104
230	197
171	87
317	189
95	149	72
83	14	175
220	225
4	116	92
6	262
259	13
10	217
140	258
188	194
249	253
85	101	7
271	2
219	229
191	84
174	99	72
28	64
176	186
247	122
227	234
99	22
106	197
64	66
255	214	199
139	263
114	116	117	61
220	210
200	248
20	18
48	76
49	60	184
207	72
205	105
75	1
166	273
99	72
259	18
172	235
180	173
308	199
143	223
174	195	126
41	76
170	174	173
36	256
51	262
25	155
245	116
149	60
91	87
55	246
176	193	175
5	12
236	198
118	189
180	187
323	304
99	189
103	196
131	69
264	317	312
85	76	29
302	130
225	122
70	133	10
51	24
98	174	195
8	41
203	234	215
74	75	26
258	202	265
303	166	145
48	8	115
239	317	135
261	123
103	183	189
237	87
101	29
172	285
305	299
51	32
213	72	326
57	77
238	16
8	85
282	248
143	12
100	174	126
167	39
132	79
79	78	77
213	296
47	42	85
232	107
13	229
42	3	76
136	142
121	32
265	172	281
179	324
205	285	268
288	292
127	163	245	77	58
32	108
326	208
163	77	186
219	217
230	262
98	99	125
207	256	199
147	234
288	32
179	178	181
179	176	209
65	97
130	7
77	181
189	149	152
229	45
79	161
20	217
170	231
18	12
21	94
293	105
287	257
259	222	45
182	178	181
315	268
116	107
264	56
226	229	295
258	235
91	85	41
272	311
134	228
171	173
245	163
83	267
262	18
112	250
163	127	122
170	317	188
116	38
83	284
32	92
112	19
20	228
277	111	252
305	272	281
53	189
202	159	199
70	16
49	201
236	87	241
127	56
175	138
106	134	197
272	288	299
166	281
126	107
112	134	218
243	89
172	10
103	120
144	285
205	280	258
191	302
207	296	208
5	84
37	7
245	286
224	243
274	177
144	288
286	246	87
21	152
163	77	58
211	106
234	296
49	148
290	285
179	193
149	131
230	89
179	176	175
191	77	84
176	233
216	281
305	9	316
43	94
31	206
117	173
42	129
226	224
103	81
28	41	76	29
115	38
115	152
95	327
142	300
115	61
34	256
176	182
235	218
88	246	87
47	115	48
303	298
178	266
20	18	12
238	87
95	158
27	189
253	244	35
55	72
170	177
114	65	61
127	77
65	217
48	85	41
275	74
17	199
28	101	41
265	103
221	107
28	32	115	61
164	165
249	20	259
179	175
22	159
164	120
209	107
156	24
280	293
232	110
28	37	85
119	146
170	59	126
88	55	286
287	5
231	67	62
245	261	267	277
15	247
272	316
144	166	145
146	24
116	127
171	60	180
18	84
211	219
239	261	56
171	71
147	285	159
98	60
169	237
98	173
259	222	18
258	103
280	291
280	202
93	40	39
132	179
32	29
280	288
52	184
42	135
306	134
92	58
22	102
68	96	67
64	176	302	115
86	161
105	133	298
305	303
170	103
213	243
28	29
220	36	181
21	131
131	321
88	122
18	300
46	12
283	11
95	158	270
303	316
5	113
277	123
17	16
51	53
11	316
143	25
140	217
90	313
261	43
48	92	3
320	159
205	303	258
72	22
36	37
285	273
259	112	13
258	301
205	163
144	11	202
323	304	194
147	285	251
31	178	206
170	187	177
292	166	269
47	114
122	22
149	270
135	177
75	169
60	177
59	126
136	273
48	107
205	9	11
233	101
33	32	61
49	65
277	111
280	272
151	318
179	178
214	282	250
4	29
183	194
314	173
71	93
6	104
285	148
132	107
132	163
88	239	122
90	45
95	69
222	306
85	266
100	170	126
33	32	76
28	86	32
170	174	196
95	270	159
249	46	89
265	172	287	141
73	187
156	201
261	238
175	192
113	316
275	146
20	12
262	298
164	168
176	191
57	161	58
147	244	285
88	56
149	72
150	20
275	96
302	262
296	256	199
280	142
28	85	76	29
277	163	82
171	220
114	117	130
309	192
263	142
303	262
283	162
263	215
100	108	126
127	92
67	159
37	161
266	84
106	12
246	241
68	27
203	254
164	81
14	266	87	225
122	135
49	180	125
74	40
21	96
17	116
4	66
280	290
291	235
80	103	102
47	4	48
112	9	316
104	228
267	81
113	306	216	228
118	196
271	167
138	266
169	158	162
212	45
65	33	32
79	221	186
139	5
191	161
124	14
47	4	85
233	38
175	77	181
47	41
309	161
100	317	173
303	268
264	87
30	127
124	122
326	81
242	253
275	165
227	326
48	121
30	221
169	162
124	175
272	276
11	291
264	130
187	174	177
168	158
98	317
41	7
247	82
178	125
70	36
135	107
267	238
43	101
285	281
147	184
219	18
49	59	50
171	2
54	62
245	51
13	228
76	66
185	274
89	18
48	94	115
97	66
17	64	16
15	266	135	56
28	32
243	295
33	101
303	145
8	127
148	296
272	166
264	312
43	82
75	148
147	244	297
241	236	198
47	37
113	298	89
219	298
51	231
232	73
175	78	181
144	265	141
27	321
148	326
201	177
144	281
13	103
226	262
21	271	128
114	64	116
224	211	228
51	120
88	111
231	187
292	137
116	31
83	135
28	85
95	158	159
69	67
259	249
293	296
232	122
258	166
207	199
220	210	101
161	198
104	186
249	230
226	133
55	246	135
71	25
277	302
74	22
272	142	141
71	155
155	2	22
47	64
197	251
5	249
106	306
4	130	108
288	11
51	215
51	173	22
35	254
83	56
28	3
179	92	206
293	262
305	313
49	271
13	230
276	133
226	218
163	309
98	194
47	4	85	108
49	40
163	224
136	307
103	102
244	148
42	92
282	200
132	117
13	78	108	107
83	245
123	87
47	8
139	138
23	314
176	108	84
98	107
157	158
94	76	108
1	321	2
253	250
213	108
163	93
151	22	167
147	244	184
159	199
175	181	192
23	169
255	253	215
258	265	141
88	110
91	179
261	247	267	277
117	32	115
19	20	18
6	134	89
107	62
144	11	316
147	145
207	32
179	42
55	252
261	15
8	92	108
86	101
306	216	89
106	105	12
100	174	173	126
275	53
124	14	127
261	286
47	4	8
1	174
71	39
101	94
1	2	279
130	38
83	277	186
94	7
63	99
213	223	199
282	326
158	69
283	270
314	159
27	72	22	155
131	159
205	264
30	58	186
83	30	122
144	300
239	55
100	187
169	67
90	72
74	26
221	161
136	272	305
247	296
150	218
227	215
225	107
36	145
205	196
258	11	133
171	180
210	77
171	53
170	188	189
323	96
259	54
61	130	38
170	146
245	261	267
117	16
83	249
114	85	101
244	294
207	148
171	180	184
169	120
190	146
172	9
209	206
171	274
180	231
166	269	202
264	236	241
187	196	184
239	238
191	58	84
168	214
36	16
249	262
179	176
207	71
48	66
265	9	11	133
27	39
17	33	117
252	241
153	72	167
167	22	102
153	22
311	215
142	133
262	138
124	14	43
188	184
8	3
75	167
305	303	293
195	62
263	323
163	138
20	212
205	258	202	265
259	106
60	72
47	85	108
205	142	287
28	48
49	59
188	177	126
166	145	269	268
75	109	102
260	319
37	7	76
68	67
100	98	201
92	7	76
103	148
103	22
187	196
168	162
36	64
117	290
168	60
139	77
51	314	52
47	129	76
245	163	77	58
133	10	281
8	66
83	30
6	197
30	161
197	313
288	285
103	102	81
305	112
249	224
25	22
28	130
5	19
91	51	327
222	45
247	312	135
275	67
28	7	76
51	314	196	173
214	294
94	32
185	184
276	10	281
149	158	22
225	87	266
299	290
13	306
186	84
80	72	152
239	122
164	304	194
97	38
153	81
70	11	133
244	122
302	127	186
64	116
20	46
207	257	326
17	198	139
169	79
254	326	215
92	61
170	60
70	262
295	229	251
219	290
261	148
303	134
46	45
272	202
232	236	241
249	216
164	158
6	138
76	108	66
149	279
157	223	26
285	291
63	72
114	149
65	130
214	184
220	221
242	326
119	60
19	224
73	174
102	318
142	268
150	243
285	35
85	86	101
263	214
54	177
49	180	184
48	36
86	76
6	112	18
163	127	186
179	107
245	261	82	110
195	177
271	77
276	268
203	255
48	4	8
207	234	296
214	199
301	202
171	122
132	198
23	67
193	77
136	272
163	66
276	290
30	309
276	285
90	46
188	123
292	133
287	216
100	183
227	131	199
282	35
5	226
28	85	101
205	9
267	277
28	121	32
295	251
100	99
47	66
8	97	92
73	125
305	9	142
127	206
40	109	39
51	270	52	95
76	28	91	41	85
83	124
323	22	155
280	145
9	273
221	77
71	93	25
74	128
130	94
28	85	92
136	141
98	174	99
51	320
75	323	22
196	194
203	256	215
95	81
48	104
179	192
67	201
262	216
85	92
242	255
277	82	56
154	39
247	135
80	155
11	178
302	31	206
249	113
5	90	197
55	87
280	63
271	52
301	292	217
86	61
147	215
103	72
80	103	128
71	326
188	201
140	142
36	11	38
163	78
17	139
171	231
222	236
231	53	54
277	111	186
4	108	38
265	300
127	58	302
121	61
131	26
13	214
287	248
132	138
163	57
187	125
47	42	8
172	292
272	292
221	181
9	316	141
83	175
1	25
78	186
88	82
258	272
90	18
71	196
271	26
227	131
2	155
149	152
314	270
163	43
210	101
7	3
86	41
136	205
161	58
70	38
74	11
303	282
70	117
242	109
245	111	277	186
267	284
275	119	24
203	204
70	8	37
163	57	176
23	283
205	299	258	265
270	158	52
247	111	237
49	304
172	133
1	128
270	52
261	317
70	122
207	257
280	299
156	157
15	43	94
170	188
292	188	177
6	178
8	115
22	39
117	76
316	141
52	62
263	161
32	76
245	82
36	117
272	299
317	187
207	172	287
242	34
49	126
15	43
118	195
305	10
100	274
324	191
205	291
11	306
41	181
21	22	167
67	269
42	121
117	130
48	108
258	299	305
178	108
65	121	29
256	38
317	118
112	219
185	183
216	195
37	92
286	135
178	182
290	202
205	53
256	248
171	68
284	192
137	278	273
202	268
156	149
113	222
61	16
193	78	77
28	85	32	115
252	266
30	182
146	61
114	32	107
223	297
49	223
305	142	268
258	9	133
287	273	141
4	86
255	257
121	94
296	208
259	105
294	148	254
158	327
28	92	29
264	225
37	130
57	124
252	29
64	29
153	26
243	229	12
229	251
5	227
80	103	81
287	269
64	86	29	121
263	223
35	297
82	92
114	86
312	175
114	33	32
158	67
155	154
149	189
5	216	112
285	35	251
294	208
36	121	38
102	167
219	126
49	231	54	180
163	31	186
144	272	265
227	294
83	14
19	106
28	38
171	61
255	35
250	176	108
90	243
145	269	268
22	154
83	107
37	10
13	12
174	218
147	143
73	50
188	107
232	78
157	52
169	151
116	176	178
236	252
131	25
191	58
6	89
272	273
100	73	177
187	177
93	40
28	92
72	155
305	307
97	7	76
287	11
51	270	52
222	198
100	316
13	262
28	47	41	107
164	22
255	141
80	131	81
153	2
209	31	178
60	99
8	127	37
320	281
305	142	300
317	184
87	266
255	35	248
55	117
31	209
83	277
246	266
112	316	66
40	27
282	215
271	131	22
280	293	281
27	22	279
127	186
93	154
233	192
13	35
196	201
259	20	104
259	230
239	261	175
49	73	50
259	222
175	78
302	125
166	269
225	59
166	16
47	91
5	306
85	41	92
149	321	152
205	172	202	265
108	66
249	222
324	161
307	291
99	183
235	133
51	67
111	237	107
136	287	141
182	167
156	51
176	181
220	101	221
147	256
143	155
170	73	196
280	300
203	311
220	237
235	141
112	216	217
169	167	152
144	299	166
100	174
144	292
249	212
226	13	104
15	238
290	293
264	232	236	241
236	284
174	195
227	208
234	294
95	159
273	141
15	43	228
51	63	53
47	42	8	91
179	210
142	11
313	300
42	130
239	232	225
82	29
261	277	267
161	84
103	27
255	148
207	213	223
128	155
182	181
271	45
70	37	175
172	269
264	247	266
172	288
59	202
297	251
163	182
64	33	61
265	288	133
296	248
271	154
17	121
144	293
284	135	56
13	108
168	270
37	58
98	174	99	126
57	206
80	128	26
170	53
241	56
114	108	61
99	126
147	199
253	72
101	32
47	4	42	85
261	235
65	174
226	290	229
147	248
244	296
257	199
133	217
47	42	48
59	50
232	286	87
211	218
305	272	142
112	113	134
224	44
306	45
169	158	68
220	58	84
95	173
170	188	59
127	66
4	115
133	313
275	196
4	94	3
150	273
142	326
136	258
101	161
227	281
179	238
94	122
23	162
181	186
38	107
301	142	313
96	24
171	242
90	211
283	158
224	219
209	178
113	303
28	92	76
244	251
28	92	107
226	229	251
79	186
100	170
36	38	107
119	52
15	312	135
21	153	155
49	60	201
220	302
113	105
49	203	50
17	36	116
274	194
163	78	77
287	313
244	285	35
259	216
17	48
65	94
302	161
174	173
149	2
302	108
71	72	81
91	114
144	272	305
98	62
301	292
305	172	268
180	177
271	2	279
258	280
147	141
101	3	76
206	58	302
213	326	296
71	149	152
288	9
41	107
309	77
80	107
172	89	281
6	13
88	135
55	56
219	262	229
94	84
178	186
247	87	266
48	41	76
97	61
258	299
317	298
135	241
104	285
111	87
271	131
174	52
37	186
323	27
321	39
305	142
223	154
244	285
172	303
33	115
203	242
17	138
301	310
4	37
171	149
305	271
23	119
93	321
144	35
130	107
60	67
226	285
47	80	237
49	174	72
27	2
111	110
73	196	22
121	92
299	276	268
310	282
17	175
63	187
121	127	38
207	285
107	81
272	243
205	103
205	166	258
93	102
237	238
228	248
116	117
136	316
2	279
63	75
280	285
36	231
205	9	265
64	86
25	99
13	104
9	141
239	266
139	18
20	262	298
74	102
17	138	184
151	102
112	219	134
82	135
19	262
326	215
155	81
63	71
242	68
129	61
114	64
157	169
5	113	216
227	250
232	225
287	243
298	228
163	79
288	166
90	112
17	237
65	53
188	108
121	117
149	102
249	45
28	41
36	130
277	127
17	4
280	292	291
4	101
33	108
28	114
316	9	142
97	94
219	18	218
170	73
289	79
310	282	311
310	250
227	82
212	222
283	119
142	257
180	126
122	77
48	33
106	230
191	223
33	115	108
163	209
48	8	97
256	199
55	135	56
205	10
49	231	180
159	297
265	292	287
265	9	133
230	134
85	108	107
256	184
250	52
230	134	89
21	27	22	155
196	274	194
277	56
118	201
147	166	145
90	228
201	52
245	124	14
30	82
317	125
163	30
137	142
229	243	45
17	300
9	276	281
285	300
90	20
299	288	145
264	232	241
172	142	281
302	82
292	11	10
63	215
64	32
191	198
51	314
265	292	291
35	251
176	206	108
17	76
49	72
205	8
227	214
277	14
100	177
287	228
291	316
5	243
213	204
59	60
57	127
88	277
5	230
259	306
42	41
136	9	303
88	312
210	79
317	177
4	76
9	142
245	267
301	292	285
13	106	12
167	22	26
261	312
5	222
132	78
155	26
116	65
87	241
140	288	202
275	75	53
209	178	206
176	175	182
206	198
47	7
72	198
21	27	155
11	161
95	158	69
57	30
170	317
203	200
73	142
277	122
147	296
144	10
163	108
205	303
220	79
112	89	217
149	103
180	174
136	134
255	253
161	182
247	43
322	276
292	268
176	209
150	9
229	134	243
98	99
124	135	56
174	81
205	142	269	287
55	286	56
298	219	134	218
103	125
168	52
203	257
296	326	254
164	194
47	3
170	59
64	33	32	115
301	285
296	199
51	260	196
178	181
17	121	225
9	313
9	316	313
48	130
144	145
298	134	243	218
205	299	288
318	153	279
180	231	187
95	146
150	142	293
210	58
6	229	134
94	76	107
88	178
104	216
27	154
227	117
183	184
124	14	175	135
33	32	115
59	60	195
234	215
92	66
118	183
170	196
48	8	85
42	97
121	127
23	51
173	99
75	149	167
255	244
28	76
17	166
12	251
115	29
227	131	200
130	85	101	115
258	18
176	31	209
21	323	27
6	219
5	43
260	194
75	178
43	24
165	120
131	167
246	238
170	317	126
179	92	107
227	118
280	235
171	72	126
166	202
207	227
305	292	291
91	86	92
153	22	102
144	145	285	269
6	112	216
222	175
9	128
163	30	77
157	68
137	281
95	168	158
20	104	105
245	284
49	189
232	236	122
170	72
287	307
239	247
234	326
64	115
106	18
80	81
289	266
128	152
132	178
202	281
321	159	199
280	276
176	209	178
68	72
57	127	58
232	135
127	209
275	270
55	286	108
51	93
113	216	197
207	297
98	183
226	222	262
287	142	178
94	41
285	251
144	303
71	2
311	199
205	280	145
210	175
94	115
312	236	241
75	93	22
75	190
207	256	296
128	22	102
150	10
59	60	125
323	318
287	9	273
57	79
216	228
17	115	16
255	250
280	322
127	82	302
70	37	41
136	278
233	181
221	186
265	276
169	25
75	125
172	316
60	18
11	269
51	159
188	202
86	127
75	151	102
136	280
63	60
142	145
272	269	202
205	172	9
115	7
287	301	141
212	218
51	314	159
105	298
121	101
174	53
75	109
88	261
179	79
207	311
174	60	195
271	279
207	256	72
42	97	92
233	138
224	45
299	133
71	194
72	279
264	286	87
136	272	145
287	145
4	97
243	197
6	139
305	291
188	59
100	196
25	167
15	135	123
92	7
82	123
33	37
153	167
80	103	102	81
249	46
49	196	170
239	15
136	280	258
261	252
85	194
189	126
187	188
60	45
32	56
97	7	66
44	228
280	276	268
258	269
13	218
305	272
41	316
259	219	89
196	60	201	184
116	101
114	121	61
93	40	25
185	233
299	269
258	288	303	133
249	13
85	286
98	99	195
57	206	84
100	63
96	266
1	321
53	126
8	108
180	185
259	13	134
247	266
191	181
49	167
127	29
28	94
206	108	107
176	178	206
58	56
324	209
23	146
89	217
23	126	107
301	307
244	35	251
210	84
196	99
4	108
302	217
113	102
283	234
171	59
59	25
276	145	268
64	65
80	318
276	166	145	269
203	35	294
57	58
259	226	222
232	312
112	104	243
233	31
15	78
167	81
43	135	56
51	183
42	38
305	301	273
42	4	8
144	301	305
176	302
32	16
43	108
321	154
226	293	229
302	31
9	240
214	282
51	72
64	117	115
108	61
28	36
287	172	316
171	304
144	150
85	121
15	14	43
9	11	10
151	155
205	258	202
243	56
21	22	39
277	9
216	45
258	288	303	265
207	234	256
231	67
287	233	181
169	313
302	178
321	102
287	301	142
174	188	184
147	18
98	317	107
132	58
211	89
71	40	39
262	218
167	72	155
305	272	293
245	111	277
203	287
276	256
106	217
37	126
20	105	18
103	109
303	269	235
188	177
20	211
144	166	285
114	76
301	137
314	158
163	266
179	77
5	211
303	11
79	77
171	73	188
116	61	16
179	240
71	72
6	18
287	296
36	115
213	308
276	166	145	285
249	229	243
112	243
225	82
64	61
247	225
43	135	186
121	41
259	45
42	85
292	11
200	326
28	86
21	153	22
134	89	228
25	81
49	214
60	195
156	202
161	38
170	118
213	310
170	98	99
244	285	251
131	125
49	187	168	158
63	146
103	279
168	24	162
85	66
138	72
287	255
187	54
30	176
7	108	76
277	236	56
215	256	208
155	39
28	85	32
284	56
173	189
131	103
71	149
75	253
205	299	281
170	188	126
247	312
64	65	115
136	150
61	29
169	61
239	237
55	284
212	219
207	326	215
239	267
117	97
100	194
22	81
42	101	3
171	199
124	123
289	122
314	260	196
71	75	279
173	270
293	291
239	123
242	257
36	29
207	255	256
75	303
272	217
28	117
279	39
287	263
4	121
85	101	32
307	141
109	318
287	215
114	65
317	320
287	214
118	162
301	278
180	174	177
179	31	209
51	96
111	29	237
326	294
118	59	177
51	60
323	27	109
265	293
75	62
276	145
31	306
63	151
180	60
187	174
229	212	134
249	313
139	198	84
191	221
300	273
98	187
93	25
227	254
114	64	115
27	125
250	248
301	112	272	305
276	202
144	292	235
163	122
302	108	107
269	39
224	12
28	85	41
236	111
75	9
226	217
205	278
153	152
303	276
229	46
44	219
47	80	72
49	184
170	201
147	243
158	243
28	116
104	293	268
305	301
150	316
301	300
90	326
163	85
305	281	217
71	22	167
130	135
222	262	18
205	172	141
245	135
113	243
161	159
109	2
155	22	102
223	151
263	250
47	4	101
93	159
49	196	184
14	135
287	268
90	218
49	188
264	266
73	72	126
292	127
47	238
258	292
105	243	298
221	78
265	288
280	278
25	321
90	134	89
170	317	177
265	36
170	98	177
277	186
85	97
293	298
71	323
296	294
203	208
83	302	175
170	51
265	273
205	265
83	286
114	115
116	32	115
132	176	31
223	294
167	153	26
238	107
47	111	237	107
5	45
280	272	305
136	202	144
214	223
122	94	7
9	106
180	53	54
60	184
4	31
83	163	186
64	176
17	70	121
88	267
97	129
136	285
199	125
226	165
40	321	39
212	168
245	159
287	142	145	269
180	75
25	318	152
44	243
30	209
224	281
185	288
299	9	228
77	108
57	175
246	72	18
306	89
193	175
322	269
5	230	197
122	284
122	266
17	65	61
75	122
303	218
28	179
234	256
48	8	108
249	229	105
159	126
179	181
28	225
17	222
264	61
28	8
147	253
144	291
173	126
314	52
60	102
136	142	144
121	108	107
17	61	16
71	107
150	293	217
320	189
17	18
226	18
269	202
49	187
271	93
60	293
163	31	77
171	260
11	141
122	218
249	105
161	138
216	215
73	196	173
170	73	171
116	33
164	95	158
82	237
121	117	115
64	117	115	121
28	85	107
260	118	194
98	55
109	167
213	223
280	166
30	178
312	135
132	176
245	277	267
159	318
220	57	84
48	94	41
112	113	18
142	141
314	52	159
149	25	167
75	153	26
70	37	135
261	240
302	206
42	76
94	186
280	150
205	166
71	40
310	215
30	82	122
174	183
7	76
143	39
164	119
17	220
258	301	305
303	257
280	9
291	300
167	22	155
36	78
3	107
159	198
287	172
203	234
220	221	161
98	173	60
262	77
219	273
83	186
274	72
283	314
120	159
102	217
174	148
41	66
150	142
205	11	141
112	230
104	268
83	163	82	186
119	270
326	248
163	77	192
202	159
272	145	269
97	94	108
249	211	222
72	208
286	108	107
78	184
95	314
20	219
113	89
256	177
220	57	58
229	12
4	92
49	98
244	35
179	233
80	72	81
209	230
205	202	265
30	193	58	186
241	236	110
203	326	215
120	250
75	248
267	312
118	126
224	18
116	37
216	12
213	256	223
166	251
310	35
100	174	177	126
79	84
163	127	175	77
283	146
80	326
61	66
227	35	254
63	317
154	152
175	209
75	93
165	158
255	142
13	20
17	262	18
249	226	20
36	38	154
280	315
191	161	84
144	9
85	101	32	115
11	67
171	247
19	134
140	292
57	135
28	85	41	76
17	92
223	200
174	118
20	105
64	65	116
97	107
70	108
49	69
302	78
239	277	135
13	222	104
247	56
85	86	32
245	237
101	79
18	45
33	29
51	184
191	182
47	61	48
5	36
322	11
200	215
130	101
73	118	196
318	152
104	296
163	77	107
101	115
191	77	58
290	218
245	116	246
319	155
55	286	107
303	18
9	58
177	107
12	313
78	198
136	202
145	293
112	262
178	108	107
64	108
80	167
80	279
93	22
305	142	313
169	22
264	284	241
65	121
210	79	78
293	218
275	120
207	172
76	28	85	92	29
5	217
63	98	173
6	5	217
271	25	318
138	16
104	251
287	316
216	89	228
263	201
209	92
60	183	62
294	256	254
75	319
236	87
322	202
5	113	18
102	26
136	291
299	303	133
100	187	174
112	197
144	276
21	318
51	247
122	133
13	219
271	109
210	221
301	9
6	112	134
158	81
209	178	182
115	206
83	312
312	123
111	252	237
128	318
30	233
8	101	76
140	145
65	230
171	38
253	194
109	155
205	235
163	175	77	186
269	268
224	20	219	218
147	285	35
181	38
5	104
128	39
39	26
78	108	107
166	269	268
51	119	52	159
124	43
37	94
71	1
260	188
114	65	108
171	188
149	318
233	199
280	137
193	31
149	27
306	228
93	120
1	27
78	108
298	217
69	72
115	66
88	191
15	247	135
6	251
196	173
286	236	198
229	216
118	53
147	285	148
160	73
213	326	248
258	292	305
271	155
22	26
262	167
214	296
288	153
187	158
258	196
286	252
316	10
75	279
114	117	61
134	197
196	96
140	265
75	72
129	107
206	175	181
191	206
48	101	41
188	162	177
23	75
17	116	117
75	128
83	127	186
272	291
233	182
64	101
317	194
108	107
305	166
61	107
322	281
324	192
227	257
287	172	11
227	184
74	153
173	184
291	133
314	165
98	30
136	172
213	311
187	314
153	318
152	39
255	208
207	256
98	320
100	317	177
127	41
205	159
233	159	199
28	33
171	60	184
9	178
67	183
49	95	187
207	326	296
58	198
36	290
20	298	18
173	22
188	173	177
264	232	236	110
165	327
30	193	77
176	193
71	194	81
259	20
320	274
147	148	35
140	290
225	110
93	318
285	313
172	202
265	285
176	209	206
306	107
112	211
139	159
256	204
13	217
37	133
183	189
250	35
296	234	208
6	199
174	188	107
64	38
168	60	214
75	271
114	97
17	225	76
114	115	61
287	305
74	152
160	268
255	272
191	135
60	120
173	62
100	125
44	229
90	89
277	232
37	7	66
9	285	313
37	65
170	293
305	142	293
64	41
237	110
128	22	318
201	194
205	281
220	29
203	256
14	56
100	195	189
132	31
89	197
34	282
147	257	297
90	298
83	30	82	122
205	265	141
166	145
129	76
85	94	76
28	65
25	167	152
205	299
44	18
207	310
83	121
321	152
36	233
116	7
31	138
264	101
37	175
277	87
67	54
305	272	292
117	41
136	142	305
267	135
112	212
236	135
28	91
105	217
134	35
57	56
246	111
179	302
49	171	177
114	108
267	123
277	124
55	92
212	89
205	258	265
219	11
70	114
316	9	11	235
203	207	254
243	217
309	181
99	195
25	128
196	173	22
108	52
49	194
287	217
57	138
207	263
7	76	66
124	181
4	86	115	121
79	61
28	129
85	92	76
134	216
14	127
176	302	209
239	225
239	261	55
6	112	298
243	18	12
219	218	217
302	266
98	317	173
259	219	218
249	219	218
36	65
209	181
125	60	62
267	312	277
183	294
116	127	92
191	107
305	172	141
164	152
117	125
98	195
209	161
29	184
121	115
301	142
161	178
83	116
29	86	16
169	95	158
301	285	273
207	296	256	199
132	209
2	167
75	149
212	46
83	82	186
150	145
155	318
286	236
185	194
95	72
219	134	218
275	168
224	219	243
287	142	313
171	73	173
269	291
117	115
35	215
232	225	238
169	72	81
163	183
144	73
169	279
221	58
114	64	65	61
73	118	187
244	285	148
21	80
191	108	107
187	274	22
9	60
305	272	273
114	61	16
65	16
82	87
51	52	95
276	166	269	268
259	150	134
136	172	142
249	66
31	178	108
179	31
104	105	296
20	113	18
213	35
187	174	196
75	128	26
60	152
75	76	107
36	85
80	60
92	76	107
4	94	108
17	111
42	8
203	263	208
132	191	84
33	94
25	279
230	229
47	101
97	41	66
90	213
134	217
112	249	113
83	225
176	175	186
114	37
259	5	216
23	60
70	127	175
265	10
13	293
77	183
51	63	215
21	323	27	22
249	20
86	115
302	31	209	206
170	174	126
172	142	89
166	290
212	18
232	125
78	107
161	138	198
311	214	250
132	43
116	302	31	178
67	126
135	123	284
122	189
305	112	272
136	299	281
146	162
17	31
63	184
4	130
267	14
285	141
232	43
216	167
179	175	181
276	273
2	81
44	298
205	299	258
207	248
173	177
49	244
101	111
299	141
142	290
83	247
109	102
55	225	87
172	145	293
305	95
271	25	153
229	18
21	40
12	218
36	161
196	183
51	190
149	323	152
140	249
292	293
46	134
139	161	138
239	94
145	133
159	184
15	247	266
258	276
187	131
305	217
36	87
107	66
51	95
144	305
191	77
272	145
6	5	112
255	326
274	183
101	138
15	266	56
116	41
79	78	192
14	266
80	326	72	81
48	4
83	163	127	186
88	236
142	278
286	241
272	301
49	174	100
74	299
260	196
302	77
4	32	130
91	76	29
25	153	167
143	2
118	50
135	123
48	70	8
218	217
105	18	217
234	282
258	142
17	121	76
80	72	326
168	169
49	59	195
219	293
78	266
33	65
15	286	56
117	61
259	13	18
245	186
245	135	186
160	190
139	57
25	102
21	271	22
103	2
323	169
9	303	235
287	292	141
115	125
3	38
6	5	125
150	104	105
21	128	22
321	81
142	273
176	178	182
203	148	215
229	105	134
85	32	115
288	303
219	229	218
86	32	29
44	89
23	120
78	77	84
17	299
70	37	60
323	81
163	178
267	15
138	199
299	316
214	152
47	13	107
170	188	107
187	173
163	127	77	58
271	22	167
90	134	45
213	257
314	96
100	174	274
88	176	178	108
142	316
9	291
64	127
146	120
232	312	241
132	210	31
174	62
127	82	186
170	189
57	175	78
17	65	16
172	293	141
28	41	91
132	302	209
17	198	138	139
222	216
100	107
171	189	184
47	42	3
191	78
317	188	177
203	254	215
112	306
89	104	12
123	241
113	9
139	222
42	85	97
80	125
174	54
37	94	108
111	135	186
220	163
319	268
173	60
77	243
149	167	81
264	82
176	9
203	326
203	248
169	318
221	79	78
188	274
212	12
258	269	305
232	61
98	72
8	101
126	60	125
75	149	152
191	99
239	178
128	153
237	29
77	298
214	250
5	262
302	82	186
139	309
301	286
20	197
113	251
98	58
112	297
130	115	61
281	133	217
97	108	61
114	130
316	281
243	105	134
323	194
13	229	18
116	61
75	80
266	241
213	248
213	255
149	158	270
291	141
89	106	12
292	166	145
205	316
119	158
277	163	82	186
127	302
55	129
257	223
91	85	101
32	209
292	9
72	39
212	104
75	226
48	3
178	198
27	67
247	107
272	281
99	201
205	89
174	25
181	58
210	250
232	286
287	249
176	108
131	39
260	59
143	1
163	58	186
1	321	102
97	41
301	166	145
98	317	126
292	278
163	127	302
293	141
178	238
225	56
21	27	22
145	285	269
136	137	281
286	110
112	113	216
259	9
275	119	120
85	29
298	235
174	177
207	234
8	141
288	269
6	5
49	50
75	131
323	152
30	236
283	120
15	225
320	62
33	117
11	202
227	297
275	63
83	127	82	186
42	97	101
116	178
224	293
287	300
117	94
69	270
80	2
235	299	133
150	285
317	320	177
11	12
136	11
225	252
211	104
114	65	127
63	62
91	116
83	30	58
85	101	107
91	41	107
156	183
279	167
44	104
246	236
136	301
9	134
189	188	177
213	169
293	235	281
78	77	192
261	247
63	53
9	316	126
209	78
171	98	73
6	112	217
205	280
74	109
163	122	181
298	229	295
142	276
290	268
11	293	235
20	298
100	60
53	194
202	291	300
64	302	115
28	7
64	16
179	175	182
200	294
88	107
142	199
263	231
310	303	311
298	295
112	316
132	175
109	153
51	157
88	239
1	22
21	71	22
203	207	35
317	196
149	58
205	323
277	82
61	65	16
83	124	14	175
115	202
59	125
225	241	110
265	235
104	298
267	186
85	92	7
9	202	291
17	192
112	251	218
144	137
179	266
17	117	16
170	173	126
305	276	268
136	145
207	255
46	218
276	269	268
214	256
24	60
200	296
207	214	326
261	56
47	13	117
170	188	177	126
75	155
20	104	298
118	217
236	110
15	58	56
28	101	91
5	112
293	217
305	273
264	247	286
287	273
263	34
283	24
171	167
171	320
28	76	48
226	13	298
36	66
286	238
287	292	9	202
124	266
299	276
255	282
314	60
272	150
205	297
150	20	18
258	202
28	92	41	76
91	130
116	115
47	97	48
17	92	107
150	18
173	169
205	299	166
57	191	161	84
112	235
259	113	134
12	197
275	162
275	157
292	273
174	99
182	266
33	16
13	243
49	302
131	71	103
312	235
6	222
78	38
264	252
112	18	218
112	219	18
106	134
9	133	281
90	18	12
174	126
261	55
192	186
112	226
317	59
25	102	167
287	172	141
287	299
317	188
205	303	258	265
128	22	81
136	298
205	268
5	134
163	77
170	171
321	2	22
265	184
244	326	297
39	93	26
259	138
177	108	107
170	184
89	12
232	236
9	11	321
259	224	243
130	92
196	60	184
265	292
37	32
23	231
132	221	58
6	134	216
293	10
127	108
116	65	117
227	200
60	320
93	107
298	218
117	126
294	215
271	102
73	196	72
288	145
17	121	130
242	231
264	237
114	8
272	288
126	62
98	201
86	94
31	178	182
127	206	302
64	33	32
79	78
179	101
203	207
309	79
299	9
267	177
205	258	141
6	113	104
77	182
317	187	177
170	118	196
105	61
265	291
59	87
147	254
32	107
136	299
15	87
21	22	159
128	72	81
83	61
265	172	202
207	253
139	138	198
98	174	126
101	316
137	278
252	167
46	18
72	195
36	101
117	127
49	80
42	121	130
194	186
134	89
113	12
33	26
264	241
207	208
147	207
176	115
5	12	89
161	192
245	122
150	298	217
11	293
20	230	243
112	66
103	183
305	235
132	221
157	60
1	167
73	80
104	18
305	272	301	273
172	150	293
220	101	79
293	104	105
103	60
142	89	281
47	111
90	19
28	41	48
65	76
211	306
13	94
17	36	127
27	318
213	219
5	230	89
207	150
98	188	60
185	174
91	75
21	50
75	151	279
179	41
180	98
174	145
226	219
122	87
65	131
4	97	92
48	94
17	236
113	134	89
163	122	192
171	1	321	22
271	103
321	26
134	12
170	73	171	188
8	94	61
75	223
11	235	313
91	4
207	224
55	286	246	87
71	151
115	237
148	29
73	60	184
296	281
71	22	102
272	290
152	102	81
97	3
262	138	198
176	108	107
91	41	76
304	273
213	199
139	191	198
271	39
46	89
207	150	293
249	326
103	107
17	82
239	250
144	166	145	285
123	192
27	2	318
28	66
299	288
205	292
127	76
47	85	76
64	33	117
293	285
129	41
265	299
171	118
48	41
277	30
287	202
283	215
116	84
277	236	111
258	172	288	265
112	293
245	135	56
277	247
276	141
47	42	7
71	22
21	323	102	167
49	317	170
287	288
205	172	202
85	210
149	22	152
220	210	78
48	101
207	36	254
8	94	76
100	170	107
77	198
205	11	258
262	251
261	87
225	135
227	282
205	288	258	265
49	118	59
287	9	202	291
213	72
258	288	11
303	228
231	194
103	25
229	134	12
205	172	265	141
171	82
303	269
222	230
288	25
70	127
88	55	286	87
13	262	18
17	127	16
35	296
252	238
55	238
13	222	262
275	158
287	313	141
258	84
172	89
285	202
280	281
226	31
20	45
21	71
65	41
323	279
250	296
226	229	105
297	215
4	94
49	168	158
229	89
169	168	68
49	171
305	202
91	115
191	32	161
271	321
262	105
132	84
179	108
303	11	10
53	125
226	212
234	253
171	188	59
144	316
116	108
171	1
98	73	99
75	60
117	38
203	227	204
161	206
205	303	276
241	110
277	77	58
79	78	206
236	111	56
196	60
144	258
176	31
54	183
283	24	162
205	18
57	176
180	73
323	209	178
128	194
100	59
220	16
207	294
77	107
242	53	109
49	63	189
65	32
112	216	89
191	175
21	109	155
265	172
209	61
302	181
247	135	56
103	321
118	11
94	82
2	22
272	278
4	130	66
301	145
321	167
147	326	297
134	192
98	189
226	303
205	299	265
157	223
42	32
28	61
5	90	134
49	73	170
47	42
114	129
83	82	58
258	287
267	87
73	177
105	134
112	216
286	87	56
193	181
13	44
75	115
139	191	138
239	9
49	271	50
176	84
116	302
175	77
258	145
51	22
114	32
6	89	218
101	3
164	68
321	318
17	36	65
204	199
30	181
171	177
252	277	111	29
227	148
114	283
53	54
71	25	26
265	205	258	288	303
175	84
269	293
259	228
5	113	12
11	133
83	9
157	67
166	145	202
103	252
37	29
271	80
147	46
51	260
249	11
51	53	125
89	141
31	209	58
226	249
191	81
37	108
153	155
70	114	37	65
114	94
72	126
113	217
113	216	228
188	126
4	117
6	216
149	167
170	98
75	151	152
258	305
239	11
103	189
145	16
173	107
140	243
94	32	29
172	293
112	217
64	67
33	85
49	207
178	77	58
187	9
4	85	130
302	209
259	12
71	72	326
112	243	12
172	177
145	45
167	126
113	12	197
27	22	318
7	66
311	148
9	133
292	141
252	277	29
224	218
116	16
49	73
207	249
28	47
115	16
60	181
207	254	215
301	303	273
293	134
95	93
75	151
124	238
100	271
144	202
207	253	72
90	219
172	142	313
63	75	125
163	40
256	223
183	152
17	76	16
42	107
70	281
259	103
73	59
253	248
262	159
8	7
158	22
36	167
75	53
259	219
266	186
140	269
36	55
55	107
264	108
131	80	103	81
287	9
283	24	155
314	120
17	127	29
36	107
293	133
53	27
214	251
51	187
226	13	262
127	318
70	65
67	62
212	295
49	168
71	40	22	167
38	66
103	62
91	8
117	29
47	4	108
276	166	145	268
70	10
19	18
265	288	303
30	193	82	58
174	184
163	302	127	186
229	266
173	24
91	41
101	66
290	298	217
259	13	262	18
149	22
310	311
27	109	22
121	130
272	285	273
205	303	265
80	149
127	58
57	175	181
71	169
80	120
229	243
55	225	286	87
140	290	265
172	11	281
267	56
259	27
147	257
315	285
28	85	29
287	281
5	105	12
258	315
112	9	11
284	123	266
146	169
30	198
257	248
232	65	61
287	305	281
55	286	87
158	270
169	270
178	206
142	293
94	92	108
90	113
134	298
227	263
95	149	22
287	172	301
116	302	31
261	266
28	101
77	192
258	303
147	166
9	276	133
130	66
188	125
11	285
124	56
43	312	135
128	279
304	72
272	268
203	254	326	215
256	148
146	68
318	22	155
40	154
315	256
37	127
259	113
205	298
5	197
180	99
168	158	162
75	202
258	14
226	211
112	104	134
287	292
265	299	9
49	320
299	301
261	55	286
222	2
172	11
271	1	2
85	32
166	145	269
305	300
149	152	26
285	184
205	285
149	107
131	318
246	87
239	82
140	229
47	80	111	237
287	90	197
163	181
21	109	22
47	8	48
9	228
169	159
237	284
28	86	101
72	26
284	266
175	161
9	300
221	309	78
71	80	72	81
214	326
172	142	141
207	214
143	103
49	75
83	236
21	323	318
8	61
261	247	277
209	186
247	286
73	185
275	75	155
243	18
253	148
80	109
269	273
41	76	66
145	251
90	249
13	298	18
174	60
121	16
55	246	72
176	77
140	276
303	290
37	84
68	223
250	154
171	43
20	104
139	178
158	60
287	235	141
231	54
114	94	61
37	133	10
174	230
187	60	274	320
253	223
301	166
199	159	184
142	202
271	318
119	183
109	22
122	7
172	273
127	82
58	186
177	125
322	301
172	141
130	85	32	115
103	159
310	223	215
86	312
174	99	126
181	266
8	107
55	111	135
71	102	81
275	60
97	76
163	302	186
230	228
55	18
53	303
292	202	300
272	172
114	33	117
234	256	223
15	43	135
42	8	97
205	172
209	31	182
21	81
20	262	18
205	272
28	41	107
85	94	7
17	79
143	263
145	297
149	323
183	62
264	236
47	117
265	307
305	218
134	313
103	167
265	172	301	141
77	177
102	279
25	159
219	45
312	122
6	298
5	229
272	141
271	1
1	154
113	252
63	201
148	215
297	248
97	184
193	78
30	191	84
159	254
231	103
31	181
302	186
49	256
135	56
63	98	174
265	141
164	80
275	119
294	152
71	263
23	235
85	129
17	127
179	191
250	12
6	222	216
71	80	72
48	97
111	252
305	293
163	77	134
216	18
151	22
317	126
176	161
276	11
30	77
121	130	38
181	138
277	124	186
140	288
264	110
287	285
92	108	66
196	67
272	9
172	142	268	89
128	167
305	272	301
213	43
280	305
93	167
114	84
96	162
78	16
144	142
305	172
121	86
171	126
287	301
271	67	52
166	276	268
60	214
213	215
136	292
37	38
104	281
51	126
244	148	251
64	97
187	196	189
47	88
205	202	159
49	158
36	127
30	175
9	145
124	135	186
207	250
124	284
121	32	38
309	56
245	247	286
82	56
104	105
70	11
44	218
75	81
185	320
317	60	126
112	298	251
170	63
71	109	167
28	116	115
80	194
275	223
292	269
33	121
140	305
146	154
163	57	84
17	115
75	215
74	149	75
323	209
85	7	76
323	102
257	215
112	105	243
15	135
293	202
136	313
57	30	175
207	303
53	109
180	275
227	326	294
85	108
220	30
17	231
178	84
168	159
78	77
323	25
222	134
43	135
287	142	281
5	105
13	134
101	32	29
278	134
233	186
265	9
261	86
249	18
268	235
205	269
222	217
37	107
293	268
258	272	305
231	67	52	62
242	53
22	318
287	141
65	115	61
277	135	56
70	32
28	221
9	303
203	254	207	215
124	247
180	109
239	176
281	298	217
110	135	56
70	186
144	166
57	191
219	89
75	153
4	94	92
258	299	280
247	246
277	55	135
231	73
71	271
229	243	298
8	92
47	61
7	108
320	194
47	111	237
223	199
53	59
188	202	177
163	58	84
6	112	216	217
97	302
132	221	220
139	181	198
23	157
317	196	126
92	108
15	135	56
292	281
256	268
176	31	178	182
143	154
70	163
88	261	239
203	227
98	317	174
279	152
169	81
118	194	126
163	127	175
219	218
321	161
103	153
174	196
103	152
170	188	177
258	288
305	150
23	95
88	178	108
71	26
259	262	45
67	320
49	202
121	3
51	168
263	122
303	291
20	134
95	165
176	206	178	108
265	263
256	35
9	72
100	25
247	238
244	199
23	156
235	313
88	286	87
49	312
9	303	316
179	209
222	298
190	202
6	113
42	61
36	125
53	60
136	235
33	130
232	33	32
116	13
292	300
140	295
76	192
126	125
60	243
248	208
82	105
33	38
55	82	246
138	198
302	58
28	121
114	78
258	268
42	76	107
191	186
187	118
145	285
249	228
219	104
249	197
