4308	3684	2149	3754	2910
2471	5554	937	4432	4775	1011	5491
3658	1246	5614	1755	624
2097	5712	4021	855	2073
2073	2141	3804
4104	3797	3652	61	5364
3825	1868	2240	1744	3167
5173	1801	4442
191	691	4856	841	227
831	3185	3286	2334	3795	3037
4313	3950	5246	3621	4870	732
3	545	2066	2343	4822	4412	2051
1286	4478	4870	64	1988
545	2247	3948	3742	1769	3864
3952	1713	4065	4947	3095
1618	5371	826	895	5226	3499	3614
1027	2533	1702	707	640
679	502	434	5732	1179	583	1111
4821	5766	2191	2566	53
828	5134	5653	3355	2722
3238	217	5064	2462
4367	2505	5109	702	761	1704	504
5554	3824	933	4204	1286	4775
3860	151	3878
2023	5233	1944	2683
2683	1219	946	177	1981
1410	3630	5433	436	2714	23
4601	4405	4963	743	5216
5342	4543	2805	666	2597
2571	4848	4217
2926	2239	404	962	910
1357	5557	3033	3507	4186
3583	1236	5467	4414	3904	905
1357	3852	1115	930	926	4190	4186	5025
863	3463	4035	3055	588	3465	4273	4868	4849	4252
4024	20	141	941	4939	2458
20	4377	141	4822	2458
1712	4354	457	5314	4476	5687	5497
4555	1113	1617
2633	141	916	5227	182	2004
939	2200	5613	2380	4253
3608	444	2280	1591
1367	3777	730
2171	4345	1222	5237	4531	1496	2732	5539	3600
3634	728	1462	2051	5133
2128	5134	975
2270	5342	4183	1769	1757
252	2908	5666	4965	3735
1216	689	5092	406	3193
3000	876	5138	4896	3001
1566	5134	4390	661	3661
1829	4737	2431	241	1738
4326	5192	1968	5712	226
4172	1279	215	4679	1548
3054	1856	767	3219	3503	3027	3369
1357	1761	5560	1848	2205	4792	4961
3740	1826	2017	4558
1856	4096	1001	4404	227
5660	4652	638	5075	2032
2498	4388	109	2070	2568	2032	4597
1772	273	5125	3181	4707	3219
5535	3273	4815	5437	3508	5617
4298	4337	632	4046	4825	2295	3664
5168	4911	2894	100	262
3220	1887	4409
3892	577	1577
1995	2582	2626	1857	3850
3855	785	2117	1452	951	4163	2903
2270	2066	5147	3866	984
5650	2374	1257
3777	1049	1920	1076	1750
4222	4176	5639	1655	2034
2270	323	3582	1582	2597
632	5259	1667	3686	3504
2855	2155	114	5324	3036
5130	5383	825
5716	3054	767	5441	2105
5486	2729	2809	3820	5530	3024	2046
1750	847	3777	2653
5223	3553	2410	3137	676
1730	3868	4139	5331	393
2252	492	1460	2236	935	3151	1196	566
249	3911	1310	583	4408	21
5342	2822	3572	1046	2457
1357	191	4752	2643	1488
2165	564	5764
2540	2855	3173	3621	2521	3661	3036
361	1085	3571
907	2984	2349
2018	4129	381	852	63
2342	634	2344
3447	4218	542	3950	3429	1161	2441
4031	1118	4199	635	3857
5659	5541	1117	1306	5342	2249	2374	4563
5015	4845	3380	5401	5274	2961	940	953
2858	222	4186	5133	4713
1628	4510	619	2563	5322
3472	1009	2094	4186	2882
5558	2965	3704
13	3414	3298	2377	4719	670
5675	2387	3732	5354	3382	5215
5031	4394	1254	1261	2041	5512	4239
2494	5421	3581	4093	3985	2520	3755	5679	1828	2886
4041	1663	3460
5523	2707	5434
3708	2602	1695	571	1841
1493	4011	213	1716	3862
5505	4991	5476
3948	3054	3596	3726
1801	5268	265	559	3865
230	820	3374	970
644	3716	2275
546	3403	1263	1990
546	1263	3403	3233	1990
5546	2435	4318
1464	607	4959
1777	3593	4191
4718	1444	4749	3290	1439	3966	4030	819	3766	2414
5144	1625	2414
5558	5169	3704	5668	3219
881	983	2028	3705
163	4588	1668	1914	894
2943	3053	3937	3801	1562
5542	2395	1301	1023	1526
218	1152	871	1067
4023	3067	3479	4328	3613
4396	5011	5471
216	5195	5431	3032	407
1326	5134	4432	3643	1767	841	5412	4163
2230	4154	2155	5162	5248	5742	3100	5010	5212	4237
1246	2797	3614	3678	2916
19	612	2598	228	931	2435	3155	5122	2721	69
3494	2631	5064	627
2958	1047	2959	3982	707
2218	616	1693	5208	2051	1488
639	2606	3592	3350	4407
1222	1839	5065	4183	5710	3488	2268
4230	4355	1093	5652	4480
3665	4764	3274	4647	3787
758	3484	3637	1337	4037
9	4510	3275	5217	2628
3463	3409	3648	1515	1452	2658
1347	758	1553	1234	3213	156
3911	5134	5506	1715	1965
984	2066	323
986	4495	2289
893	986	4495
382	2534	5427	823	1900	5551	3048
4726	1864	1082	3301	1307
919	29	3551	920	2137
3704	3218	3951	1280	2916
3054	5668	4404	3503	4194	2182
4750	3224	5049	4184	4081	4981
542	3340	5733	2890	272
2056	1892	4629	2159
4295	3806	175	4649
3227	4874	3422	472	5069	714	4408
1706	3320	4473
570	3404	3589	3488	1962
4154	573	570	5073	3408	3488	1962
5083	597	260	513	1602
3208	999	972	3399	233
5015	1246	5401	4277	940
5416	5507	3747	692	847
886	2759	4810
4283	789	3496
2615	1532	3496
4688	563	497
2615	3182	3496
3122	1397	1499	1294	5215
501	3003	5188	1376	624
1970	1500	1081	5712	2167	276
775	1670	3725
5650	3387	3126	1731	5188
2140	5500	1755	1376	624
3717	2713	2866	1450	1328
1022	3316	5467
3289	3648	2826	1338	5196	3474	209
3732	5258	175	3330	1307
264	106	3513
616	244	1969	4537	5133
204	3430	127	2924	5695
2861	656	4632
5485	204	73	5272	1572
4541	2580	1666	4794	2578
2762	1673	1337	569	2807
1372	1785	3379	5069	605
3777	972	5493	4113	2462
1114	3748	833	3621
5006	110	4037
1047	3027	204	257
1566	2707	4390	2922	1251	5763
4556	5464	1060	5005	3961	1687	2153
2245	1168	236	4722
1680	1121	54	4071	2015
5242	5485	3190	4461	1452	4782	2528
3617	5383	825	5130
1657	5581	1218
4172	2983	2090	1268	1548
218	3777	1067	226	2629	4123	2096
3392	4361	3950	2152	1469
2428	5743	1455	4527	1758	3510
672	4470	5230	3621	3604
5238	2612	2852	3752	3458	3165	678	90
3609	891	1176	5528
30	945	1453
2567	2509	3184	2964	1776
5136	767	1797	3027	3663
3217	1550	737	3590	2630
2891	2607	3425	5151	1288	1473
2016	3488	2460	455
3641	4108	3416	2914	1004	5170	841	653	1446
3284	1949	4820	2348	2507	5088	936
5288	1304	5735	1408
2242	2606	2745
3781	2796	2144	4880	2268	4284	2636	2201
3236	1846	2168	66	1104
1846	1423	5263	943	66
1047	5359	1725	5263
5578	943	1846	66
2744	1846	66	943	5747
5577	943	1846	66
2007	2393	391	688
2141	5672	2851	4936	391
2041	304	4754	779
4163	5181	2295	3460
1059	3094	269	5438	3119
4941	1159	4699
2623	5656	5422
3244	5316	3729
3053	200	4814	1435	2321	1336	5740	3188	281	4549
3552	205	694
4748	3638	1298	367	275	1643	5303	1649
1685	1897	5500
142	5488	4330	2616	341	1978
2648	2229	1363	5713	2290
908	4276	3464	2051	1757
4727	687	3275
4271	2215	1293	5524
1861	4619	4008	2893
5342	1681	256	4827	4651
2322	1633	683	83	420	115	3216
2081	508	185	5085	4623
2232	3991	3388
2714	2889	5684
5351	4183	4411
2228	3750	4925	1984	5561	5022
5071	1448	445	1155	1463	923
1256	3030	3648	5065	1687	2337	4668
1042	2554	808	144	4247	2400	45	2818	1698	3363
681	2671	290	670	875	2687	1841
1438	4568	3958	4136	2054	2192	2182	4894
2389	5544	2659
2726	3291	4816
4816	74	2117
4816	3291	1792
4813	5139	2424	4003	1507	3115	1691
4583	1054	3721	2654	276
1362	4955	1714	3953	1304	3817
2891	650	3777	5074	4537
2060	555	2370	583	2756
2390	5708	1662	3073	3128
1791	1443	5432
3827	1341	2295	1436
1970	4724	866	4082	555	2643	3474	3095
312	3670	2278	1365	4538
3373	5195	1123
4818	2609	3034	3260	630	5026	77
995	3739	2179
372	1041	1258	2129	3679
2952	4633	4459	3850	5737
2141	4550	1327	4912	3176	830	2942	1023
145	783	5065	2028	2760
536	4841	1128	194	530	4849	4252	3573	1454
4741	965	2174	4102	3163	554	966
5342	657	5251	3018	267
694	3920	205	673	3101
204	5496	5082	2258	4653	2193	5468
2855	4266	5700	5324	4083
3	202	2898	4865	4965
2319	3707
2196	1976	4485	5443	3156
2564	2151	3696	4268	1684	2872
2261	4900	3047	1989	3469	3342	620
531	597	3147	3408	2998	1739	237
1055	1058	1299	4480	4984
358	623	1473
931	1569	1452	1120	2199
3214	1381	619	1572	186	969
3255	5635	2231	1477	208	4132	2630	1262
5531	925	4797	5307	749	4691	3288
4525	360	4694	1433
4967	2792	1072	1896	712	473
2403	1953	1241
3352	3434	5606
664	2063	3861	3970	1114	3986
5232	2104	2117	718	2706	3734	2281
1216	5140	1722	647	1284	3193
5657	2949	5285	3130	3569
5358	5624	2760	539
4031	3410	655	1258	3503
958	4548	4233
1357	3852	3033	3621	4186	2051	3611
2242	2606	4391
2699	1686	1015
4	1708	2823	2898	2919	4375	2260
2180	924	5100	3244	4756
2200	4129	2097	4020	2158
5424	1539	3762
2891	2176	2854	4489
5347	4620	3242	982	716
3785	5092	5717	4056	3091	2709
396	5342	3827	1252	3198
2606	1290	207	1576	4391
1006	2120	3091	462	3570
3800	4708	3550	4021	1241	1639	4757
2891	2398	357	2266	5020	2268
3005	340	5321	5710	5205	5211	1446
5485	1515	2916	5491	2630
1119	1234	1755	4357	847
4845	5417	4563	3631	561	3038	197	3092	1930
2331	3499	661	4806	5128	1717
3302	3558	2745
3783	968	4515	2012	1683
2235	4503	16	1702
4458	5420	3269
2016	1996	1432	4437
1677	1241	2354
3872	5160	4823	1619	3432
5485	1535	3189	4302	1045
3	3934	2066	545	4822	2753
2814	313	1640	951	409	4285
5006	3553	4365	102
5203	2676	5134	1305
2440	3248
189	5134	1633	427	4738
4089	1302	877
500	4510	2090	562	2385
622	344	5035
3132	1428	1078
2968	888	1630	2144	2898	4988	1665	1132
313	951	1640
5531	3652	1008	2631
1270	3799	2447
3610	1960	4996	186
3827	4072	3746
4937	2430	878
5444	1571	1329	3218	4497	3730
2036	2858	4059	1350	587
1589	2197	3704
3777	975	4721	4667	5134	4736	2305	4462	2306	2172
3283	1636	682
216	3270	5064	2295	4899
2309	2033	5447	3610	5070	2826	3503
3778	1793	2266	1825	4464	3591
2065	3010	4861	4436	5426
5558	211	593	810	4797	5460
2833	211	593	2880	5498
48	1334	3777
3072	2444	235
5134	3305	427
