5018	3386	3379	5550
3487	3154	3119
5252	3040	1885	1475	1567	2950	1883	2318	5189	1985	1884
3316	2027	1556	1915	1916	1677	2028	1914
1742	1913	1509	3088	1423	1556	1763	1915	1677	1916	1274	1210
1742	1913	3088	1209	1423	1556	1763	1915	1916	1274	1372	1210
2681	2041	2469	6116	3535
2302	2301
1868	4080	3297	2259	2302	2301	4687	1531	3298
1870	2646	3919	654	2502
2646	2476
4631	5185	4272
5677	4615
5005	3758
235	1396
3859	5439	3112
1918	2320	1828	1972	3298	1868	2564	2915	4687	1781	2359	1554	1360	2319	1526	2496	1525	1676	1780	3297	1484	2599	1531
2302	2301	2259
6027	5730	568	3237	3236
5730	3237
568	5730	3237
5690	3768
1868	3297	2259	2302	2301	4687	1531	3298
1868	3297	4687	3298
3236	568	5730	3237
1525	1676	2359	2564	2496	2320	1828	2319	1526	1972	2599
3079	6008
840	2583
5703	4131
3487	3387	3467	3119
3278	2671	3220
3278	2671	5821
3027	1571	6066
5743	707	3275	4882
5483	1416
5743	3619	4882	3275
3365	5624
4169	6081
2554	4819	3486	3496	2557	3971	4409	2553	2558	2552	5076	2559	2693	5373
3275	849
3823	4298
215	199
2241	4707
2883	3958	4038	6126
1511	2239	1114	4750
1511	2239	1114	4807
613	5522	4817
2157	3275	849
1327	1330
3275	1099	849
1834	1251	6011	1994	5431	3492
941	3275	849
1435	3275	849
742	4104	2410	441	5744	2458	5937	3310	440	743	3224	4935
3316	2204	1301	1742	3397	1275	5424	1763	1916	2181	1274	2203
3316	2419	2204	5526	1301	1742	3397	3088	1275	5532	5424	1763	1916	2181	1274	2203
3316	2204	2203
4545	5826	6029	6030
4476	3805
6029	6030	4545	3149	2362	5826
3316	2204	1301	3397	5424	1763	2181	1916	2203
3316	2419	2204	5526	1301	3397	1509	3088	5532	5424	1763	2181	1916	2203
1885	1883	1884
4678	6029	6030	4545	5826
4678	6029	4726	1554	6030	4545	3149	5826
443	4817
4817	3647	5522
648	2516	5785	5520	4919
3647	5522
5185	5182
2646	2644	4461	2476
2646	4168	4461	2476
4168	2644	4461	2646	2476	3111
3597	2889
4461	3111
4689	3369
3495	2475	2638	4556
3495	4155	2638	4556
2475	2638	4155	4556	3495	3215
3710	4720	3481	3253
4556	3215
5822	600	831	2940	1632	3497	2241	1714	1721	4723	4406	3335	3079	4687	1531
2554	2557	5782	1374	2553	2558	2552	3499	2559
2554	5587	2557	5782	1374	2438	2553	2558	4509	4568	2552	3499	2559	5994	5371
3142	5822	4048	5656
3175	3044
5822	4695	3142	3044	3175	5656
3405	1472	1632
3187	3188	2580	2710	2191	4513	5571	3119	5943
3364	4329	5413	2754	4424	4816	1908	4920	3069	604	1223
2580	2191	4513	2366	2853	5571	3119	5943
3839	5220
5406	4414	5506	4339	439	2922	5577
4007	4090	5563	5568	5835	4770	5572	4827	3936	5303	4383
4007	4090	5563	5568	5835	3726	5572	2477	4876	4827	2285	5303
4007	4090	5563	5568	5835	3726	4770	5572	4827	1828	3936	5303	4383
153	4037	193
1391	2224	2977
3364	1689	4329	5413	2754	4424	4816	1908	4920	3069	604	1223
5817	3127
5904	4269
3282	4648	3480	3281
4252	5926	3801
2304	3741
5931	6003	5938	4856	2467
4555	4408	5286	4013
4021	5286
5075	3157	3461
2597	6038	2243	2454
958	6003	5938	5931
5938	5931
5370	3122
2583	3122	5370	2315
4787	3467
4395	4920	5051	3069	4452	2671	4059
5065	4386	3225	3973	5339	4082	4824	5548	4376	4769	4105	5043
5031	4655	3334
4980	4171
619	2554	5851	3344	2930	5727	542	1986	4916	3331	2529	5863	4768	5578	6032	3421	3415	3986	5972	4201	519	4551	726	3391	1472	4674	4781	5038	2559	5805	4337	5888	2552	618	5872	3271	3160	5330	3262	608	5355	3419	2306	2310	2506	1295	734	2553	5422	1205	1144	1204	1616	1170	3094	3241	829	5042	5417	2326	895	2557	4780	4052	1374	2058	2940	2558	5071	5335	5129	5630	2555	1858	3998	863	1996	5825	5986
4916	4672	5863	754	1264
3324	542	1986	4916	5863	1187	3418	1264	726	2534	4672	432	4337	2944	1419	4101	1205	754	3094	3241	5877	2557	1275	3164	1632	2558	5630	2760	2559
3850	3736	4634	4667	3655	4980	4171	4020
941	1042	317
5993	5433	4811	5897	5628	5342	4113	5108	4771
5033	4823
646	6036
4707	2240	2241	1330	3239	1327
553	2261	1676	1523
4959	5815
4707	2241	1330	3431	1327	5607
4335	2498	4748	4317	4920	3318	737	5118	3069	4853	5383
4758	3431	5047	5607	5559
5559	5047	4758
1051	2006	2518	2126	5309
5887	4739
1971	3071
4492	1051	2006	2518	3246	5309
5047	2371
202	158	195	3045	2861	2860
4707	4758	3431	5047	5607	5559
2371	3431	5047	5607	5559
5047	5607	5559
202	2459	2455	158	1987	195	3045	2861	2860
202	2459	152	158	1987	195	3045	2861	2860	1447
3546	3574	3672	187
3148	3480	2600	1954	3282
2736	662
2736	2645
3480	4453	4109	3281
4741	3278	2671
5331	2371
2211	3825	2865	2864	2212
3431	1330
2330	3431
2624	1940
2580	2536	1295	1259	1115	5937	6023	1082	1430	3116	1746	4384
3280	1908
3280	694
1209	1259	4103	1430	1746	4384
1448	2580	4799	1886	4965	1259	1430	1746	4384
1495	3047	2848	769
3953	5250	5450
5069	4931	4743	5356	741	878	2750	2749	835
3187	908	2281	3007	3153	1279	4717	4818	6023	2282	5792	4485	4740
4964	5347	3078	1605	4087
5824	4901
2646	2644	1870	2476
2845	2646	1870	2476
908	2281	3153	4717	4818	2282	4485	4740
4193	3153	4717	4818	2282	3928	4485	4740
3010	3153	4718	4717	4818	4438	2282	4485	4740
4375	570	1046
224	2900	223	2174	1615
3280	5762
2146	2503	2637	1869	3512
2146	2503	2637	1869	2846	3512
908	2281	3153	4717	4818	4485	4740
3010	908	3153	4718	4717	4818	2282	4485	4740
5861	3408	5738	5140	1828	2524
2671	4308	5404
3017	3408	5738	2287	2524	1089
4695	611	3159	3478	4485	3487	818	3391	3266	4689	4717	604	2583	3017	710	3408	1554	4901	899	3119	2237	1586	5656	2281	3153	3491	2524
4724	2671	4394
3188	3187
2265	2170	2195	2755	2264	2016	4961
4217	3278	2671
4337	1205	5888	2625
5124	5410	4416
5462	5910	3776	6091	5914
5820	2326	1858
2763	5405
6032	2506
4943	2100
2100	2358
5170	2439	4254
3306	727	5294	1295
3661	3306	3032	1295
2789	2788	2790
4910	5266
3478	3427	3429	1586
2775	2771	2774	2772	2770	2773	2079
3427	3491	3429	2237
4696	393	4703	5537	2930	2965	4649	3164	5825	2310	1472	1948	3165	4899	5068	1858	501	4581	3195
2084	2930	837	1722	3391	4916	5071	1632	1259	2083	1473	3998	3480	1132	3271	5768	2700
5564	5778	4666	3469
4550	2440	3144
3644	736
5870	5396	3970
983	984
1701	1467	1607
1459	1422	4192	1699
1701	1467	2744	1607
1298	190	1267	1613
4412	5317	4388
5869	2284	1638
4924	1436	1892
5393	4786	3967
5832	5885
4633	1425	3701	3056	1598
5738	2524	3408
4588	4241
5107	4192	3002
2704	3408	3356	4434	5738	1132
3017	5368	3408	399	4920	2237	3491	2524	1586
3842	4279
3415	4073	695	3153	4717	3214	2282	4485	3421
2223	5616	4656	4766
1283	3836	3815	3059
1063	3093
3900	745	3141	2420	5104	2526	6064	4872
1429	2882	2959	1804
3170	389
4179	4352
3547	3609	648	3557	3575	2516	3572	3562	3606	3552	5785	5520	4919
3346	2216
5413	3010
2001	1083
4920	4329	3069
2099	3992	5296	5341	4833
3921	3810
1585	5907
3266	3117	3410	3127
3318	3410
3252	2837	3318	3472	3410
3108	3922	4460	3807
1585	1495	5907
1712	3266	2941
4193	3153	4717	4818	2282	3928	4485	4740	2467
5500	5762
2221	5500
3357	5755	4673	5824	5644	693	4689	3266	4765
3266	3369	899	3119
4698	695	646	5130	3207
3609	3570	3575	3557	3572	3606	3552
4285	3755	6105
710	695	6036	4901	3266	4689
1854	1664
2025	3054
5732	2025
3455	3127
3677	104
2678	2451
4237	2732
3062	2690
3427	3429	3995	1554	3171	2237	3491	1586
2132	2583
5752	2583
3373	2583
3838	472
5394	5613
4188	5070
2913	1330	2760
1842	1925	3073	3120	1284	1425	3072	3074	4085	1248	1926	1787	1424	1788	1538	1584
1511	1209	5018	3386	5550	3379
2202	5277
2070	3969	4216	5550
3012	2520	6092
3784	2680
3826	1263	3950
3784	2598
2597	2650
2597	2451
2597	3061
2597	3023
2597	5895
4864	3362	5874	5386	5964	4543	4838
5406	5506	2922	439
5406	3137	4414	5506	4339	439	2922	5577
5406	4414	5506	4339	439	2922
4393	5893	3355
1662	2918
1662	1997
4558	5893	3355
2076	1815
2109	1677
3472	1774
4988	2064
4988	4691
3287	2069
1302	1417
1378	2464
4306	4220
1744	3849
2209	1275	1209	2313	3962	1115	1214	980
4707	3035	1209	3405	1942	3007	1901	1523	2467
3756	5445
3419	3421
3415	5090	5981	4117	3418	4219	3241
2554	2553
2554	2664	2557	5782	1374	2438	2553	2558	4509	1187	2552	4568	2559	5371
1195	2557	2438	2558	1476	3499	2559
2664	1676	5782	3099	1374	2438	1554	2915	1170
5782	5605	2462
5782	4509	1374	2438	1187	4568	3499	5994	5371
5782	4509	2438	4568	3499	5371
3405	1632
1676	4836	3312	3497
1676	4836	2965	3497	3312
1676	4836	3497
607	5884
5737	3530
5131	5737
3531	5737
5132	5737
5398	1970	1977
3924	6098
5495	1977
839	5591	904	1012	1010	546	2430	545	1461	842	2305	544	504	719	844	301	688	843	547	1020	685	708	1007	423	697	2235	3502	566	1022	5633	846	353	2413	859	3507	4221	845	1015	5787	1761	6062	1528	860
5416	1970
5398	5985
5515	3126	2753
772	1429	3873	5915	5705	6092
3693	3635
5474	5216
4804	5135
1158	4925
1480	2478	1753	1695	1697	2095	2538	1752	2214	1754	1698	1696	4915	1755	2539	5871	1962	2389	2213	2560	1564
5969	2183
6067	3438
1419	1907
2933	1588
2837	5859	3341
2837	3454	1796
2837	1970
2933	1782
5009	6110	3699
6069	3127
1992	1707
153	204	193
6099	3803
2125	1822
1492	5906
4805	5893	3355	5549	3532
4552	5946	6068	4350
5815	5388
5451	4368
4244	4118	4279	4234
1870	2646	2476	3862	2502
4223	2638	5312	3461
2646	5455	2476
2646	2636	5673	3112
2859	5673
4118	4279	4234
2388	2646	5673	2476
2442	5908	6114
4740	908	2281	2683	3153	4717	4818	4438	2282	4485	821	2467
1760	1529
5080	4036
5080	4377
621	3213	3155
3886	1832	1929	3689
2935	1832	1929	5671
2935	1929	5671	1832	2934
1752	1755	2214	1754	1698	1696	2478	1753	4915	2213	1695	1697	1564
3813	6122	3831	4172	2885
791	1832	3857
1752	1755	2214	1754	3064	1698	1696	2478	1753	4915	2213	5839	1695	1697	1564
2935	2742	1270
2291	302	1480	2478	1753	3203	1695	1697	281	2095	2169	5839	744	2538	1752	3382	2214	1754	1698	1696	3476	4915	3064	1755	2539	379	5871	4917	1962	2389	2213	2560	508	282	1564
1752	2504	1755	2214	1754	1698	1696	2478	1753	4915	2213	1695	1697	1564
4123	2111
3614	3691	5454	2835
3614	3905	5454	2835
2595	3614	3905	2835
3614	5454	2835	3880
5682	3614	5454	2835
3614	3623	2835	5454
1791	2071
2241	4707	1988
4942	2071
4942	1791
2595	3614	117	2835
3614	3732	5454	2835
3412	3413	2600	3279
3198	3365	5761
5761	3365	903	406
5733	4729	3413	4879
6065	6009
5733	4729	3413	6017
3027	3041	2947	2928
3027	2947	2928
5585	5733	4729	3413
5358	5733	4729	3413
4928	406
3027	841	4928	406	1705
5733	4729	3413	4576
3488	1163	3485
6061	4307	406
781	3762
6061	406
1006	6066
1691	1697
6056	4729	3413	3412
3256	3199
1280	1821
1184	1268
1851	5823
5165	5449
2601	5222	2834	5213
5847	3996	711	865	3442	601	5565
3278	2600
3480	3281	5320
8	4519	6	10
5873	5058	3184	4716	4939	5756	4108
2494	5873	5058	3184	4716	4939	5756	4108
680	2332	4698	695	5879	646	5130	4186	3207
2744	1607
3462	3278	2671	5945
2837	3278	2671	5945
4203	3278
5902	5903
3278	2671	4446
4211	3278	2671
5903	5902	5149
4164	5902	5903
4941	647	1509
4941	647	2010
4941	647	1114
4554	2028	2027	1915
4152	4407
2028	2027	1915
2028	1914	2027	1915
2027	2028	1915	1916	1914
4952	5801
4203	3279
4952	3236	3752
3175	4950	1988	3044
4950	1988
4947	2528	4192
4947	2528
3221	4707	2241	5105	3354
2241	4707	3354
3280	4203
4710	2086
5156	4527	3838	4998
2364	1742	1913	3250	5382
2331	2364	2084	3070
2581	2372
2331	3051
739	2364
4203	3281
233	1997	230	226	234	222
3393	5795
3188	3187	2710	5943	5571
3188	2710	2191	2252	5571	5943
5795	4057
3282	4203
2267	2369
4775	2483
2536	2077
3132	2764	3563	182	141	3371	3608
2467	2683
2467	2953
2094	2578
3278	3220
3098	2360
5246	1535
3278	5945
2840	2616
3920	1536	4620	2895
5531	5996
1535	2895
2895	1536	5906	6097	4619
1536	1537	1535
1535	2493
2192	711	3257	5987	731	3442	1673
5847	2192	3257	731	1673	5062
5554	5838	4498	2761	4035	4797	4034
5847	4825	5784	4083	5596	5579	3426	3442	5565	5319	5092	5967	5987	5379	4732	5062	5632	3996	5067	2192	711	3257	865	4086	4889	528	5509	4813	731	1673	601
1904	5946	3048	4690	4106	2467	1264	1462
1262	1145	1631	1431
1631	1262	1431	2402
5847	5509	4813	5784	711	4086	865	4889	731	3442	601	4732	5829	5565
1631	2164
1631	1431
5533	5532	5535
1116	2248	1708
1486	3022
3363	1486
3243	1486
1486	1240
1116	1486
1499	1102
1499	1240
1499	1242
1113	1116	3109
1116	3109
1116	1240
1116	3244
1331	2091
6037	1116
1116	2183	3329
1116	1064
2969	1116
1600	1169
1116	3474
1169	1064	1601
1169	3109	1326
1169	6001
4960	1169
908	2281	3153	4718	4717	1988	2282	4485	4740
6037	1169
1601	1174	1091
1174	3244
1287	4979
3522	4182	208
4246	3833
5781	1160
2164	3288
1600	3288
5504	3288
1706	1947
1184	1706
3737	4598	4459	5188	5711	6102	4526
4947	5290
1706	2164
1706	1150
3851	5924
3830	2586
2902	2585
6047	1347
2454	1347
1527	1347
1521	1347
2437	1347
3109	1347
1184	1347
4093	1091
1150	1347
2927	3765
1931	1347
1453	3109
3409	1372
1453	1091
1305	1453
4114	5924
2416	1305
1469	2416
1631	1091
2364	5406	1913	2024	1742	1423	5506	439	2922	5577	3250	5382
3243	3292
3765	3292
1521	3292
1671	3292
3292	3244
3292	1091
5406	3137	4414	5506	439	2922	5577	5382
4764	3738	3202
4764	3603	1618
4764	1618	4968
3250	2364	5382
3409	2220	1372	6055
1748	2435	1326
5354	3054
4630	2138
2105	2104	3300
2364	5406	1913	1742	1423	5506	439	2922	5577	3250
2623	4764	3090	2435	2104	1748
1043	2229
2005	3837
1143	1821	1280
739	535	526
2105	2075	2088
2105	2075
1785	5971
2623	1618	1517	3183	1408	1748
2623	3183
1785	3183	2623
3183	2623	1446
1452	3232
2623	1618
3183	3090	1517
3759	3542
3759	4268
1748	3060	1517
912	207	203
4174	5705
192	203	207
1595	1618	1147
1146	1576	1147
1102	1292	1147
1346	3867
5674	2008
5271	5674
5327	5326	3398	5649	4840
1748	1408
1748	1938	3083
4817	5522
443	1576
4817	3647
3822	1877
1877	776
3210	3211	5736
4787	3320
4644	2207
4325	4567	5338
5656	1676	2261	1523	5736
4541	2691
711	2261	642	3442	4732	620	5565
2261	642	3442
834	2261
620	2261
2261	3220
1775	2261
5678	5279
739	534	535	526
2192	1209
1673	731	2192	3442
4095	4693	2259	3065	3127
4095	1676	5055	2192	4665	2259	6023	2261	2111	3442	3065	3127
4693	4700
3186	6060
4699	6003	2498
2259	2302	4689	2301	3223
4941	647
2938	1045
647	2027	4941	1915	2028	757	1914
4995	3914
1525	1676	2359	2564	2496	5089	1918	2320	6021	1360	2915	1828	2319	1526	1972	2599
1525	1676	2359	2564	2496	2320	1988	1828	2319	1526	1972	2599
2936	1454
2837	1081	3252
1081	3249
1272	1081
1081	1387
1081	5996
413	2453	2492	2491	449	414
2837	3252
2837	2405	3252
1377	3093
1157	3093
2439	4254
3220	3279	3280	3184	3278	4939	2671
5393	3967
1542	2696	2708
4598	4459	5711
2696	2708
3487	710	1152	431	1142	1259	3266	4689	4901	1901	2287	5738	3119	683	1264	2524	5366
3480	3281
3278	2671	5945
3050	2183
6061	3436	406	4693	1231	6066
4693	3436	3453
4977	5248
5643	3408	5738	5880	4054
5643	3408	5738	2524	4054
4292	3694
4656	4766
5541	5135
2364	5406	1742	4414	5506	439	2922	5577	3250	5382
1701	1607	1416
5761	3234	5608	6009
5718	2934
483	2725	6106	4015	4531	3779	4370	5713	4650	1467	3780	6107
5761	5101
5761	5101	903
2837	3252	2347
755	2554	3167	5090	5644	1714	3418	3421	756	3415	5981	4320	726	2552	501	3160	3419	1251	5786	4099	2553	1205	4828	3094	1170	3241	2557	4117	1374	2940	2558	2559
2554	2553	2552	2829	4745	2559
3451	5608
3147	3252
3252	2905
5795	2099
4707	2241	1330	3431	5047	5607
2028	2027	1915	1916
1600	1631
3479	3278	5827
3618	3278	5827
3354	3162
3354	3355
5701	2877
2027	1915
3866	3984
2328	1848	1324	1454
2328	1848	1454
4950	4051	4888
4950	4947	4888
1889	3346
1889	2216	3346
4467	5911	3593	5279	5209
4554	2027	2028	1915	1914
3566	3567
1720	1264	1198	1808
2637	2846	3512
4554	2027	2028	1915	1914	5079
4554	5079
4941	647	1743
1828	5089
3266	4689
4707	4950	2241	4947	1988	4658	649
2024	4950	1988	4658	2331
2285	4950
4947	3227
3487	818	3355	5893	4393	4558	5726	3159	3266	4689	899	5535	3119	604	3223
4950	2487
4950	2698
1918	2320	1828	1972	3298	1868	2564	2915	1988	4687	1781	2359	3257	1554	1360	2319	1526	2496	1525	1676	1780	3297	1484	2599	1531
4693	3454	5879	3252	2837	4717	6066	4438	4485
3487	710	4901	3266	4689	3119
3454	5879
4252	5016
4252	3847
3454	3252
5461	3910	1769	4118	2001	2633	2728	2468
2966	2682	3938	2633	5187
5078	2683	1264	2924	2391
2363	5026
5847	711	3257	865	4086	4889	731	3442	601	5565
5334	1045	5762
5334	1045
5262	3085
1116	1150
5870	5396	5514
5870	5396	4671
2173	1116
2373	2024
2173	1174	1091
3487	1786	710	5425	4901	3266	4689	3119	5300	5314	3696	5366
4717	4485	3153
1174	2002
5500	5301	5329	6003	5601	4725	5938	4856	5751
5500	5301	908	5329	5931	6003	5601	4725	3640	5938	4856	5396	5751
5396	3970	4580
4579	5396	4694	4580
2331	2084
5847	5784	2192	711	3257	4086	4889	731	3442	1673	601	4732	5565
2153	2702	4520
1130	1600	1169	3109
2261	642
2388	2646	2636	2476
1102	1292
5847	5784	2192	711	3257	865	4086	4889	731	3442	1673	601	4732	5565
3278	5821
1305	1174
5705	5453	171
2430	5974	839	3507	1007	719
5974	1010	1012
3065	4665
5616	4656	4766
2623	3090
4003	2186
3050	1169	3109
3507	719
5676	5437
2084	2024	2374
3507	719	1007
1007	3507	719	688
2430	547	685	3507	1007	719	566	1528	688
2430	839	547	685	3507	1007	719	566	1528	688
685	1528
2090	1446	1309
2084	2374
1446	1309
3271	6036
839	843	1020	545	859	1461	708	544	5591	845	904	1017	844	6062	353
6101	4094	6100	4529
1330	1689
2430	2305	842	3507	1007	1012	1015	1010	566	1022	546	860
547	685	4221	5787	504	697	2235	3502	719	1761	5633	846	1528	2413	688
3227	4905
1748	2623	3090	1517
4947	4905
2984	2154	2987	2322	2993	3005	2980	2982	2989	2988	4301	2951	2983	1021	2995
2048	1038	1693	2985	4738	1694	1649	1413	1658	2047	1657	1468	2990	3055	4302
2986	2994	1016	1013	2992	1903	1023	2049	2991	2981	1011	1902
2991	1016	1013	1011
2154	2048	1693	2985	1694	1649	1413	1658	2047	1657	1468	2990	3055	2981
2984	2154	2987	2322	2993	2982	2989	2988	2983	1021	2995
5252	5189	1475	2318
4947	3227	4905
2280	3909
3909	3855
1587	3909
5025	5974	1039	6009
3414	5025
5974	924	1007	6009	5025
5252	5189	2318
2340	2871
5025	5974
1748	2111
3284	3069
3065	2111
685	3507	697	2235	1761	844	1528	2413	688	860
4042	2958
5252	1985	1475
4042	1836
3827	4042
4042	1850
2048	2322	2985	1649	1413	1903	4301	2049	2991	2981	2987	2154	2994	1693	2992	4738	1694	2995	1658	2047	2951	3055	4302	2984	2986	1038	2993	2980	2988	1468	2990	3005	2982	1657	2983	2989	1902
2730	2958	5434
3183	1100	1517
1618	1517
3455	2378
2085	2372
3115	3183
3183	1517
3317	2435
3773	3292
3292	4177
2783	3375
4610	1930
5424	1763	2181	3397
2222	3292
1415	3292
3775	4170
3472	2837	3410	3318
4969	3501	2025
2880	2877
2730	2880	2877
3755	3779	2877	2730	2880	3780
2748	3292
5416	1970	1977
2236	3401	1907
3996	5965	5967	711	3257	5987	5379	731	601	5062	5565
1679	1907
2125	1679	4087
3427	3429	3995	1554	2237	3478	3491	1586
3996	5965	5784	2192	5967	711	3257	5987	5379	731	3442	1673	601	4732	5062	5565
3478	3427	3491	2237
2125	2627
2125	2482
3803	3797
3839	4256
2485	3220	2109	2600	3278	1677	2671
5141	4417	4022	3650	4800	5380	5387	5931	1422	5938	4000	5843
4272	4256
4631	4256
5185	4256
1970	1977
5208	5259	4636	3683	491	3634	3816
5832	5885	3440
3278	2671	2600	3220
4073	908	874	3465	5931	1214	5938	5282	4772
3197	5658	2135	2365	2415	1141	3163	1382	2039	3392
1969	1316
1317	4901	3266
3027	1689	1544	1379
1196	5232	2571	2875	1960	4364	4590	5177	5280	5231	2118	3961	2906	5458	2609	5225	2868	4993	1740	1578	2141	5212	5576	2414	1271	1361	501	5933	2569	5457	2541	4640	5205	5447	5210	5091	5253	1383	2613	2140	5239	764	1738	2501	2608	2851	4638	3816	2703	1328	5195	1520	2577	2136	4124	4987	5854	2350	5233	1935	901
3266	4689	4901	3487
2253	3755
2593	1181	2546	2543	2499	2540	2118	1418	2548	1636	2590	2588	2473	2550	2568	2677	2547	2119	2120	2621	2576	2549	2533	2589	2542	2591	1606	1998	2551	1687	2068	2592
2253	3833
4689	4901
4962	4965	1917	2499	2612	2850	2548	2607	2575	1079	2606	4899	2550	3240	1351	2116	2549	2605	764	4087	1738	2589	1204	2500	1687	2511	2611	1115	2684	5619	3077	1976	2930	1485	1605	2546	2543	1714	2118	3374	1999	3277	2408	2831	2610	1715	1177	2547	2310	2584	2117	2505	1274	2693	3164	4500	5594	2398	3999	3006	1418	5525	1080	2572	1078	3099	5576	5997	2588	1523	1502	1875	2074	2020	2137	2551	5347	2940	2833	2115	4653	2540	5968	5029	1968	2263	5976	1069	3001	1806	1440	2562	2576	2533	2608	2507	2198	2542	2114	1487	3165	5083	2700
5833	1091
2593	1181	1485	2546	1917	2543	3006	2499	2540	2118	2522	2612	1999	2850	1418	1080	2548	1636	2607	2622	2575	1079	2590	2588	1968	2606	2473	2831	5997	2188	2263	2550	1502	1875	1715	2568	2610	1806	1177	2677	3001	2547	2074	2562	2584	2119	2120	2621	2576	2020	2116	2117	2505	2549	2137	2605	1738	2533	2589	2608	2617	2500	2507	2670	2542	2114	2591	1606	1998	2551	1487	1687	2068	2511	2833	2611	2115	2592	3077
1676	2281	2192	1918	3257	3153
1676	2192	4693	3153	4700
4693	4700	3153
908	3153	4717	366	2282	4485
1868	1676	1780	2281	2192	3372	1918	3257	3153	4050	2915	4717	4818	1673	4485
2192	3257	3153	4717	4818	1673	4485	4740
1676	2281	2192	4693	1918	3257	3153	2915	4700	1673	2282	3298
2192	1918	3257	3153	4717	2301	4485
5000	6126
668	3800
4554	2027	5936	2028	1915	1914	5079
5840	5372	4310	4898
2775	2771	3806	2772	2770	2773	2079
3609	3575	3557	3572	3562	3606	3552
3547	3609	648	3570	3557	3575	2516	3572	3606	3552	5785	5520	4919
3408	3356	4076	4198	4218	4434	5738	454	3681	2524	5970
1485	1917	3006	2522	2612	1999	2850	1080	2607	2622	2575	1079	2606	2831	1968	5997	2188	2263	1502	1875	1715	2610	3001	1806	2074	2562	2584	2020	2116	2117	2505	2605	2137	2617	1738	2608	2500	2507	2670	2114	1487	2511	2833	2611	2115	3077
4703	2930	3099	1948	1472	1259	3165	1858	1523	4581
3554	3658	5911	1944	1762	3593	1883	5209	2180	1884
4464	5924
2623	1631	1785
1301	1106	1662	1997	1372
5475	2931
2913	2401	3099	1330	2760
1116	1160
3882	3761
3882	2186
1662	1997	1677
2035	3011
1240	3292
1174	1240
5685	5267
3363	1169
2557	1374	2558	2552	3499	2559
5017	2942	669	4352
1662	1301	1997
3498	3035
4563	5616	4656
3099	4096
1662	2919	1997	1817
1062	3660
4707	3035	1209	3405	3007	1901	1523
1676	2580	4693	2710	3405	1326	4700	3338
1779	3493
1676	4693	3405	3267	1326	4700	3338
4295	5700	5446	3747	813	2521
4295	5700	2842	5446	3747	813	2521
3747	5446
5334	4956	4901	3266	3119
5978	2795	5989	5990	5958	2796	2824	5123	2277	4659	2799	5574	6040	636	2802	2800	2822	4793	5492	5942	5956	5992	2825	2794	2806	5959	2804	2813	4679
2513	4205
3266	6036
2585	4148
1354	1178	1246
1313	2579
1679	2236	1907
6036	4901	3266	4689	5757
1283	5217	3799
1045	5762
2004	3814
2938	2220
2674	3985
2674	6119
3551	2673
2674	2598
1318	3252
2539	2291	2095	3382	302	4917	5871	1480	3476	1962	2389	3203	2169	2560	508	744	282	281	2538
5609	5584	2827	5510	5112	5978	2795	4815	5034	5592	4331	702	3182	4190	5989	1186	5990	5958	2796	5117	3993	5310	2824	5123	4794	5430	5114	2277	3988	4659	6050	2799	5618	3235	3628	4401	3484	4491	5574	5389	6040	2336	5638	636	2802	4156	4154	5634	2800	4133	4782	3723	5021	2822	4793	5492	5333	5942	5115	4754	5956	5126	5539	5631	2825	5982	2196	5992	2794	2806	5116	5113	4411	2804	5959	2813	4679
5271	2898
5271	3759
1317	3454
1317	2837
1317	3252
2997	3170	389
6130	6128
4599	2127	2525
5133	5737
3611	3884
2897	3611
2673	2596
3034	4123
3827	4123
4918	4123
1330	2760
4844	2111
3034	4844
3827	3947
4918	4844
3573	2596
2935	1929	2934
2803	2821	3556	2815	3537	3959	2817	2818	2810	2798	2816	2797	3659	2805	2809	2808	3568	2820	2811	3558	3548	3569	2814	2823	2807	3540	2819	2812	2801
3454	3435	3252
3266	3454	3435	3252
3802	5683
5609	5584	2827	5510	5112	4815	5592	5034	4331	3182	4190	1186	5117	3993	5310	4794	5430	5114	3988	6050	5618	3235	3628	4401	3484	4491	5389	2336	5638	4156	4154	5634	4782	4133	3723	5021	5333	5115	4754	5982	5126	5539	5631	2196	5116	5113	4411
1535	989	2895
2789	2788	4258
2789	4258
410	411
5742	6036	4901
3266	2282
2493	5673
5782	4509	2438	3499
4537	4668
5782	4509
5994	5371
4509	3499
2789	2788	2787
2083	3405
3239	3128
2789	3799	2787	2790	2788
2593	1181	2546	2543	2499	2540	2118	1418	2548	1636	2590	2588	2473	2550	2568	2677	2547	2119	2120	2621	2576	2549	2533	2589	2542	2591	1998	2551	1687	2592
3525	3526	3524	2791	229	231
4603	2133	3616
3525	3526	3524	3523	1283	2791	3527
3525	3526	3524	1283	2791	3527
3527	3525	2791	3524
3489	3360	4675	3490
3547	3609	3894	3557	3572	3562	3606	3552
2789	3834	2790	3836	2788
3834	2789	2788	2790
2789	3799	3834	4984	5217	2790	2788
3239	4906
5966	3211	398	5863	312	3421	756	3415	3645	4551	3391	6022	5330	5415	608	3419	5032	754	2392	3241	829	521	600	3122	895	6043	4780	3052	5071	2315	1996	5986	2625	619	2554	5851	542	6013	1714	1187	4768	512	2408	3553	4674	1472	5103	3497	5816	2034	5872	2944	704	4835	3946	5786	734	2219	1205	3209	4905	864	5417	2852	3496	2557	3305	5630	4940	2555	2556	438	3097	3418	503	5578	4557	543	520	5981	5022	3099	5805	4337	2552	3226	1194	3271	3210	851	5422	4828	3381	1170	4809	2940	4904	2558	3295	5612	2559	863	2832	4455	755	4703	3344	559	5727	4916	6032	3191	4201	4566	726	4781	5888	1173	3340	3407	501	3160	3262	3441	4209	4099	553	2506	1295	2553	4578	3094	373	3633	5830	3290	1374	2058	3966	5129	3998	5972
4864	5874	5964
5874	5964
2240	5550
3911	3009	5684
4838	5386
4864	4543	4838	5386
5874	4864	4543	5964
3911	3828
4249	4651
3239	5391
745	3141	2420	5104	2526	6064	4872
1430	3099
2239	1511	4906
2686	3453
910	2873	4289	5922
1641	1739	1592	2662
749	3287
3287	941
4710	2084
2331	2084	2374
2331	2373	2084
5291	4063
4777	5048
2446	4637
1842	1925	1086	1284	3072	4016	1248	3021	1926	1787	1424	1788	1538	1584
1843	1659	2023	3517	2781	2780	1581	2765	3529	1844	2011	2509
4693	3454
4693	3252
2331	2084	2024	2374
5721	5719	597	2718	3763	664	2215	5722	6118	6117	5675	2907	5720
4985	4589	1009	4594	5178	3594	5485	2321	5145	5241	5174	5164	5167	5245	5243	4367	4596	5487	5157	5175	5154	5242	3846	1019	4616	5159	5166	5176	5194	5223	5224	6093	4119	5244	5268	4991
4985	4589	5229	1009	4594	5178	3594	2321	5145	5241	5174	5164	5167	1014	5245	5243	4367	4596	5487	5157	5175	5154	5242	5148	1019	3846	4616	5159	5166	5176	5194	5223	5224	6093	4119	5244	489	5268	4991
2651	2289	1840	2878	4092	2962
2651	2289	1840	2878	3785	4092	2962
1830	1391	2977
1887	2216	3346	1888	1889
1016	2048	2322	1008	2985	1649	1413	1903	4301	1023	2049	2991	2981	2987	1018	2154	1693	2994	2992	4738	1694	2995	1658	2047	2951	3055	1021	4302	2984	2986	1038	1013	2993	2980	2988	1468	2990	3005	2982	1657	2983	2989	1011	1902
5721	5719	1751	498	664	2215	5722	6117	6118	1756	5675	2907	5720
3278	5828
3318	4482
1536	4620	2895
2096	4351
3438	2269
5906	6097
3266	2837	4901
2837	5398
5020	5080	4036
4693	4700	6066
2495	782	5196	4986	783	784	4519
2048	2322	2985	1649	1413	1903	1023	2049	2981	2154	1693	2992	4738	1694	1658	2047	3055	4302	2986	1038	1468	1657	2983	1902
3055	2048	1038	1693	2985	4738	1694	1649	1413	1658	2047	1657	1468	2983
2984	2154	2987	2322	2993	2980	2982	2989	2988	4301	2983	1021	2995
917	1627	1136	914	1338	915	1339	916	1855
6061	4958
5917	2269
5917	2729	2269
3278	2671
1330	3319
3266	899	2033	5059
1191	1547	5278	5468	4002	1661	5473	4983	1156
1191	1547	5278	5468	4002	1661	5473	1156
4011	3121
5890	2374
2236	4663	2233
2536	3330
5171	5181	3955
6100	3873
4179	2289
2290	3857
2024	5890
507	3207
2554	5090	3971	3447	3418	5076	3415	5981	726	4409	2552	2553	5760	3486	2693	3241	2557	1374	2558	3998	2559	4489	4860
5867	1794
2364	3221	2084	2024	4707	2241	1988	1915	1916	2331	1914
2364	2084	2024	1988	1915	1916	2331
3221	2024	1988	1915	1916
2331	4707
1504	1356	2681	5687	1429	1893	4125	2469	3092	2147	3887	3965	3863	3941
2084	4699	722	6003	1988	3171	2331	723	3491
2410	3310	3224
2410	3310	4935	3224
2410	3224
5161	5192	5200
743	2410	3310	3224
5847	4699	5967	5784	711	6003	3442	1006	4732	5565
1843	1659	3517	1845	1581	2765	3529	1258	2011	2509
2254	3190	3434	1480	417	868	1531
3520	2694	2484	2828
3415	3427	4699	6059	3430	3995	426	718	722	6003	3171	2237	3478	723	3491
1951	4736	3576
1684	3303
3078	1684	3303
6084	4604	3616
6084	4604
2574	2630	2848
4457	4392
4839	4392
3428	3427	3429	3430	1554	3171	2237	3478	3491	1586
2078	1293
3428	3427	3429	3430	3995	1554	3171	2237	3478	3491	1586
3415	3428	3427	4699	6059	3430	3995	426	718	722	6003	3171	2237	3478	723	3491
6059	718	722	6003	4700	3171	3478	723	3491
3415	4767	4699	6059	825	722	6003	3171	3478	723	3491
3415	4767	4699	6059	825	718	722	6003	3171	3478	723	3491
3491	4699
1167	1832	5671	1270
2603	1579
4017	2869	2870
6094	1911	3759	1934	2898
3428	3427	3429	3430	1554	4685	3171	2237	3478	3491	1586
2572	2075	1941	2465	1516
1669	3170	1358
4901	861	3266	5550	5729	852
2330	3428	3427	2329	3429	3430	3743	3995	1554	3171	2237	3478	3491	1586
2330	3428	3427	2329	3429	3430	3743	3995	1554	2915	3171	2237	3478	3491	1586
5237	4463	2908	5151	5197	5155	5228	5211	5179
4354	4163	4267	4538	3844	4978	5257	4523	5715	4597	4264
5070	4450
5831	5070
3794	2968
5028	5070
5028	5283
4188	5070	5028	5753	5283
3406	5798
5272	5273
3427	3429	3430	1554	3171	2237	3478	3491	1586
3428	4696	3427	3429	3430	1554	3171	2237	3478	3491	1586
3012	1270	6092
2918	1817
2918	1997	1817
1815	5783
5469	3809
5459	3809
1712	3266	3472	3117	3410
3266	3472	3117	3410	3127
3893	1367	1802	1933
3415	3427	4699	6059	3430	3995	426	718	722	6003	3171	2237	5411	3478	723	3491
3428	3427	3429	3430	1554	3171	2237	5411	3478	3491	1586
6120	1451	4618
1774	2941
3770	1818
3735	2687	1311
2388	5673
4954	5673
3579	6105
4126	79	3692	1866	919	1574	3943	109	78
2046	1529
4058	1213
5696	3734
5680	5696	3734	2042
5696	5255	3734	2042
1669	3098
4764	3202
4475	3581
6073	6105
2725	3600	3755	6073	2879	6105
3354	1330	2760
1385	1907	1326	1323	2902	2435	2183	3050	6001	1490
1799	1681
3356	1327	1330	2760
3008	3106
1548	2031	3164	3165	1330	2760	1327
3266	2286	4740	4901
3600	3755	6105
2536	6057
4913	4680
2904	3176
3387	3798
3015	3758
3027	4447	6061	406	304	3444	3041	2947	1705	2928	1544
3027	6061	4928	733	406	397	3041	4741	2928
5861	3408	3356	4076	4434	5738	5060	5140	2524
681	3027	406	403	3041	3315	5945	3278	2671	2928	5878
2364	4707	4076	2241	3162
4693	1543
2530	2544	1859	1729	3199	4097	5551	4029	2657	1163	4955	3485	1901	5785	3042
4973	2293	1463	2534
3858	2142	2143
5779	1696	2478	5864	3046
2902	1907
4704	3189
3263	2661	1810	2570
4704	5361	1163	1142	3485	5777	3168
3276	4138
2707	2695
2902	3327	1907
3027	3273	4447	5855
5775	5955
3897	5438	2649
3027	4447	3041	2266
1742	1913
1312	5435	1929
3027	4447	6061	406	1945	3041	3389	605	1705	2928	1544
3162	1423	1330	1742
3027	4447	2040	6061	406	3444	3041	3006	2751	2605	4712	2550	2947	1705	2928	1544
6061	2106	3473	2311	2671	2928	3027	5394	872	3273	5821	3041	5960	2319	5285	445	2073	1642	406	3444	3278	2599	5803	1544
1163	4380	1142	3485
1327	1330	3319
1768	3913
2239	4906	5558
5668	819
6097	5906	4286
6003	4725	5938	5931
1831	2469
6027	5730	1330	3237	1327
2078	488
2472	5066	3032
2665	5740	3127	1907
3127	1907
4693	1907
6061	4928	406	2551	1605	1163	1142	1968	3006	3485	2605	2550	2612
4514	3413	3412
5608	1163	1142	3485	3245	4398	3451
4196	3315	1163	3485	3245
3413	3412
3823	1830	2717	2977
3501	2018
3501	5287
5363	3501
5500	5301	5561	908	5329	5931	6003	5601	3383	4725	5938	4856	5396	5751
2270	1288
2435	3050
4561	5053	4723	4420
4723	4420
3245	3444	1163	3485
6061	3444	1163	1142	3485	4324	3927	5777	2015
4950	1327
5500	5301	5561	908	5329	3465	5931	6003	5601	3383	4725	5938	4856	5396	5751
5480	4242
1388	6073	583
2282	3153
1133	1233	933	1028	1336	932	934	928	931	2711	1134	930
2443	2738	2444
5264	5263
3922	3777
4710	1628
1660	1296	1617
1660	1937	1617
5452	3861
891	2903
3326	5844
5004	2537	2687	3856	1168
4812	5560
2938	1689
2977	3848
5003	1168
3317	4660
3685	335	3872	1585	3047	336	499	2616	465	1278
3872	335	1585	336	2616	1278
1254	5509	3996	5965	5784	5967	711	3257	5987	731	3442	1673	4732	5062	5565
5276	3791
3259	5427
3178	5808
1918	2930
490	5712	4634	5153	5201	4521	5162	4020
6044	4700
5832	2562	5885	3440	5415
2081	2176	1319	1465	929	2423	2424	1541	3917	5146	5486	1539
2427	1485	2850	1079	5997	2188	2263	3001	2610	1715	5415	1806	2562	2116	2117	2505	2605	2608	2507	5774	1487	2511	2611	5885
1141	2020	1039
713	4349	5938	6010	5349	5082	4566	4022	5738	522	2287	3017	3408	3430	4800	4920	5420	1901	2237	1586	5368	5599	4136	4330	3491	2524
2285	2113	5600	3070
2519	3039
1477	1953
5836	1901	1223
1335	933	1028	1336	1337	932	934	928	1370	931	2711	930
2009	1686	1818
5693	3841
159	161	251	205	2309	200	206	256
4337	6032	3407	4201
5847	4825	5784	4083	5596	3426	3442	5565	5967	5987	5379	5062	5632	3996	5067	711	3257	865	4086	4889	528	5509	4813	731	601	609
5379	5596
5483	5923
2977	3803
2779	1256	1085	2776	1252	1905	1269	1087	2777	1304	1297	2778
3027	3453
3027	1705
3027	3041
3444	3041
5509	3996	5965	5784	2192	5967	711	3257	731	3442	1673	4732	5565
3198	3365
3027	4405
5847	5509	5967	5784	1771	711	865	1279	731	3442	601	4732	5565
4977	1549
4907	5988
1121	1570	3134	2323
5409	3396
4313	3013
1570	2323
1121	3134	2323
3467	1689
3504	2580	2710	3505	3697
6125	3879
3069	2754	1908
2754	4329
2167	1450
1824	1703	3902
2513	3349
3255	3439	3168
5511	5495
5495	4511
4193	3153	4718	4717	4818	2282	3928	4485	4740
3198	3439
1666	1301	1372
1106	1301	1372
908	3153	4718	4717	4818	2282	4485	4740
1372	2030
3283	1372
1556	1677
2528	2014	3060	1639
2508	2317
3347	2179	3013
5256	5699
3578	3954	5699
1727	2014	2072
2014	2072
4293	4645	3678	3615
4293	3678
6123	3678
1774	4822	3638	3731	3979	3119
5505	4303	3997	4801
1193	2563
4822	3638	3731	3979
4822	3638	3731	3979	3119	3472
1193	2257
2835	3880
3293	2250	5040	3417	3172	4565	2467
2467	3218	3293
2467	3218
3293	2250	3218	1569	2467
1774	2250	3000	2710	725	3266	2467	4565
5816	6012	6013	2555	5972	2556
2826	2634	2480
2250	2930	3218	5352	1887	1569	2710	3000	3078	2216	1104	5300	3346	3117
2544	848	1859	2250	2557	1569	5300	3485	5652	2529	3216	5972	883	1082	2467
3293	2250	3218	1569	2467	4485	5024	2710	5824	3266	4717	3369	1774	3214	5130	3117	5509	5352	3153	5140	442
1729	2250	2930	3218	1569	2529	2467	2125	1380	1254	2544	1308	2298	3000	3117	2557	3078	3641	3165	5963	883	5138
3818	2633
5794	1997
2949	4091
3591	2867
1084	2412	1966	5793	2421	948	2422	760	2149	1510	1667	1109	1024	1692	1805
3161	2752
827	5797
827	670
827	2294
827	5421
5896	4867
3449	2941
6005	4970
908	3153	4717	4818	2282	4485	4740	2467
4299	3876
2325	3564	1978	3627	135	1479	242	2228	179	257	327	112	1286	2741	322	3944	3925	2740	4789	3698	132	120	101	2227	2324	3744	95
4711	2460
4445	5797
2935	1832
4612	780	1359
3266	5791	5729
4693	3153	4717	2282	4485	3127
5488	3703
4989	5676	2649
2876	4242
2892	4617	4242
3329	1618
4693	3127
4708	1618
1793	1851
2725	4015	3020	6073	4014	2662	2879	3808	6112	3780	2468
4967	4764
5476	1959
4764	4968
2279	1655	5193
3649	3433	3432
2837	1977
1676	2467
2489	2005	3840	1736	781	2344	4283	2131
1533	956	1093	1095	1094
2489	2005	3840	1736	781	2344
2344	2489	2005	1736
2344	2489	2005
3345	5797
3365	3086
4447	2040
5731	5746
949	1349	1533	1873	2914	956	1093	1350	1348	1095	1094	992	1025
4504	5797
3320	5334
1958	3079	1907
3808	6073	4014
5724	3829
3198	3365	1688
646	5130	3207	6036
5724	6124
4826	3471
6121	5478
3365	4305
2134	1497
5724	3829	6124
2399	2909
2725	4015	3020	3579	345	3779	2879	3808	2782	4010	4976
2725	4015	3020	345	2782
5102	5884
5102	4921
5921	1566
3704	3485
3266	2033	5059	3369
3198	4705
3198	3365	4705
1814	2012
1594	3013
3487	3977	4689	5059	3119	3223	3369
3266	3899
2544	3004	1965
2544	3004
2472	1811	6016	2690
2544	3004	4314	1389
4092	3795	4079
1016	1627	2048	2322	1136	1008	2985	932	1649	1413	1903	4301	1023	1339	923	2049	916	930	2981	2991	2987	1018	2154	1693	2994	1233	2992	1028	4738	1694	2995	1658	1338	915	2047	2951	2711	1021	1335	3055	4302	2984	917	2986	1038	1013	2993	913	2980	2988	928	1468	2990	3005	933	1336	914	1337	934	2982	1657	2983	2989	931	1855	1011	1902
4092	3795
4092	4079	5002
4092	5002
3795	2655
210	250	28	1900	212	211
356	2452	3228	4662	2354	5961
5479	4031
3795	2655	2649
3487	4901	3266	4689	3626	3119	5300
3766	2697	3795
2657	1389
3487	4901	3266	4689	3626	3119	5300	5366
4314	3004
4742	1326
2655	1857	3795	3766	2697
3795	1857
3897	3795	1857
5152	5438
3487	4901	3266	4689	3626	3119
1891	3860
5867	3704
3365	3704
2937	2327
941	2063
2587	5867	1264
6052	3324	2667
3323	3324	2667	6052
3898	4471
5534	4945
4982	778
4933	539	638
5867	1264	5812
5975	4115
3211	3209
6096	4661
5357	4212
3450	3326
3399	2383
3390	2924
699	551	5852
2297	3010	5776	5403	623	2261	2065	2396	620	4841
3359	4814
4787	5899
3487	3266	4689	899	3119	3369
5368	5418	4402
1355	954
5375	4788	4404	5802
582	581	3865	4470	3864	580	2894
4728	5762
1732	1593
3122	2410	2315	1996	5128
4554	2028	5079
3132	52	2764	3563	3670	2470	141	3371	3608	47	3605	3607
5070	5028	1747	6048	1051	2006	2391	2126	5283
3729	5595
355	2158
5799	4728
1410	1874
3159	3266	4689	3119	3223	3369
2390	2583
3674	4386	4769
5352	2050
2710	4321	5943	4513
2382	5769
2380	3193
2382	2380
2652	2673
4730	6086
460	1225	459
4835	4209	4809	3966	4455
4887	4322	4390	5097	4442	4484	3565
3091	2435	2482
4322	5097	4442
4887	4484
4851	5562	4342	4755	627	5881	4481
5881	4481
2997	5555
4263	1810	2690	5979
3185	5580	5517	4334	5088	4469	5655	5367	4397	4501	4857	6015	5973	5767	4577
3185	5517	5088	5367	4397	4857	6015	5973	4577
5580	5655	4469	4501	5767
5354	1326
5121	5302
1810	2690
2690	3177
2783	4194
6053	5949
4728	5727
3163	2365
2241	3431	4707
2357	1163
4425	5344
1116	1064	2248
3024	726	1950	5029	604	5525	5792
6042	884
6042	4776
6042	2354
3487	5726	3266	4689	899	3119	3369
5824	5644	693	4689	3266	4765
1773	3590
4245	4297
4040	3128
4686	5771
786	4359
5545	1907
2652	2148
2148	2190
2075	4435
4266	4357
3173	4544
4789	4026	4895	5598
2407	4789	3173	5598	4026	4544	4895
4695	5491
960	3272
3412	3413	3279
4751	3214
4524	4363
5052	364
5052	4955
4039	4363
6061	6052
3586	6071
700	4503
4343	4503
213	214
5044	700	4503
5345	5773
2417	1081
5493	2667	4421	4798	4494	4311	2669	4515	4559	4808	4562
4831	4944
4159	3712
6074	3799
6074	4030
1729	1245
5498	4197	639	5604	5072	5593
5876	4887
4483	4322	2265	2170	2195	2755	2264	5507	4077
4908	4741
5073	4055	6014	5037	3511	5595	3258	3748	5567	3729
5412	3437
1785	1154
2527	1626
4111	5852
1266	2910
5073	4055	5037	5595	3748	3729
4183	4140	5941
6090	4360	5226
5648	4573	5353
4688	3227	5755	5824	5644	693	3266	4791	5490	5660	4765	1224	1223
3170	3718
2710	3094	2580
1655	5193	3913
5555	3718
4499	1907
1832	2893
4837	5773
4783	4729	3413
1514	1907
2241	6003	4707
3521	2785	1314
5789	5747	5759
5271	3759	2898
4613	6088	3068
4486	4711	6020
1932	1623	4628
3332	1851	3326
517	2903
3105	1946
5912	4701
1910	1069	4937	2098
3480	6004	4676
3480	5945	5590
4195	4764
4323	3102
1290	1760
3470	1760	2955
2535	2881	1745	2689	1311
1106	1997
5081	5995	4649	5930
3024	726	1950	5029	5142	604	5525	5792
4803	5893	3355
4554	3679	1301	4803	5079
3778	1203
3308	5281	4820
3089	3632
4103	5614	4112	5553
705	3304
5900	332
5045	5606
5007	3625
5858	5139	2299
2893	5916
3487	818	3357	5755	3322	4901	3159	2751	3266	4689	5644	5824	3119	4765	3223	3369
5111	2752
2893	5681
4869	5858	5948
5588	5858	5948
2672	2596
4737	1224
3357	5755	3322	5824	5644	693	2751	3266	4689	4765
641	1224
4786	5393	4505	3967	3133
1310	1068	2701
3631	2404	1907
3596	3772	5917
2751	3322	4689	3266
4076	4946	5738	3408
3311	5969	3196
4542	2122	1907
6061	3254	3265	4795	5608	406	5121	517	3389	1530	3439	969	3451	3168
3393	5426	3214
4033	3549	3886	5007	2139	3625
3439	3265	1530	3168
2706	4009	2139
4229	3705
3095	2236
3076	3127
5824	5644	3266	4689	4765
1907	1323
5035	1907
1852	2060	2977	2655
3637	4064	3668	6076	4273
4025	4689	5313
2653	3098
4533	1535
5725	5489
4084	1535
2435	679
5677	5691	4291
4533	2706
2687	4533	2654	1535
4533	2687
5271	1449	3651
5326	4548	5649	5327	4759
5326	5649	5327	4759	4840
5840	5583	4927
2597	4778
2597	4078
2597	3934
682	5623
5529	1711
1690	3205
4238	2633
4238	5160
4936	1264
4004	2646
1153	666
3425	5957
6094	2726
5137	5602
3365	3265
5554	5838
4797	4035
987	988
996	995
4688	5932	3227	2429	611	4673	5824	4845	693	3266	4689	5660	610	4853	5383	1981
1155	3624	2348
5313	4689	5298
6075	5260
5378	5741
3227	2429	5824	3266	4689	4853	5383	1981
3987	5611
4142	3930	4773	4228	5575	5054	4963
2274	2275
2276	2275
3536	4866
1568	927	1332	4829	924	1206	4098	4157	5292	5957	5641	3425	5085
3266	4901	4413
1774	4901	3266	4413	3117
3610	5542	1716
5906	2737
4921	3730
1575	6066
2067	5483	5198
3017	5738	3408
5790	4842	4381
3487	818	5726	5824	3159	3266	899	3119
3408	431	5738	6033	2287	5140	363	715	2524
3408	3356	4076	4434	5738	5060	5140	2524
3017	3408	431	5738	2287	5140	2524
5790	5647	4381
3408	3356	4076	5738	5060	454	5140	2524
746	4309	1220	3717	4877	2168	4135	5837	5953	4185	5944	4560	6031
5643	3408	431	5738	6033	2287	5140	2524	4054
2713	1359	3577
5643	4437	3408	5738	6033	5880	4832	2287	5140	2524	4054
3337	4428	5669	4929
5582	5348	5019	4426
4848	828
3266	5824
3014	1345	1118	3829	1391	3757	4268
5983	6006	3143	3541
3282	3184	3480	5620
2337	6006	3541	5983	3143	2128
3413	3501	3412
3480	5620
3282	3480
3487	5726	5824	3159	3266	899	3119	4225
3480	5364
3480	3408
3480	4208
3480	4781
3480	5286
3480	5023
5542	3414
906	4763	4396	5542	3414	5642
5542	5642
3166	4350
4094	3857	3873	2308
3487	3159	4689	899	3119	4225
2642	4089
4507	4350
3453	3127
5362	4350
4506	4350
2311	1731
3238	1724
3238	3485
395	1724
1445	1724
2313	2536	5896
5554	5838	4498	356	2452	2761	3228	4034	4035	4797	858	4662	2354	5961
1851	5569	4075	820	5105	4480
5864	4664
5397	5625
3113	3870	3676
5554	4739	5838	4498	5887	2761	4035	4226	4034	4797
3869	772
3720	3466
5743	4882
2692	3114
4008	4502	4102	4319
5311	3376
2600	4394	5311	3376	4318	1045
3622	3113	3870
5408	4433	4894	5662
1958	1955
5094	1618
3318	2758	2941
3487	5726	4575	3266	4689	899	3119	3369
2435	4350
3823	2717
4129	3951
4287	4465	4247	3708	5723	4261	5163	3951
1254	5965	5967	711	3442	4732	5565
4484	4442	4887	4390
5307	3555	5556	4843	3932
5385	5311	3376
2836	2314
5950	5109
3169	5336
3778	2019
5346	3201
5307	3555	5556
3874	3113	3676
1861	3892	1710
4235	5902	4525	5903
4490	4480
4137	5589	5629	4141	5284	6006	4215	3653	4206	5734	6051	4405	637	5297
4733	2536	3508
4699	4187	5882	6003	3171	5411	3377
1662	2378
3724	4699	6059	4187	4796	4431	5882	825	722	6003	946	3171	5411	3478	723	3491	5846	3377
4405	3279
4137	5589	5629	4141	5284	4215	3653	4206	5734	6051	4405	5297
5288	3454
5288	3252
5288	4700	4932
4932	2122
4621	3792
5849	4699	4796	5543	4340	5374	722	2957	2524
5589	3278
3280	5589
2734	4158	5909
4767	4699	6059	4187	4796	5494	4431	5882	825	718	722	6003	3171	5300	3478	723	3491	3377
5526	5849	4699	4796	5543	4340	5374	5532	722	3312	2957	717	2524
4287	3595	4366	4356	3708	4261	4641	3584
3714	2337	2256	4721	5063	4709	3541	4865	3143	2924	3904	2128	2121
4019	4276
4276	3821
5691	4290
805	4522
1669	3150
3929	679	5941
5519	1557
2734	1920
4270	3601
5875	6046	6019
5063	396
2970	1678
5064	4087
5064	1963
4914	4087
5064	1963	3456
4499	3201
6127	2537
3976	1179
5441	2895
4941	647	5046
2108	3113
4060	647
4060	4454
3697	3505	3504
5170	5214	2439	4254
4701	5538
4878	5399	2506	6032	5128
2585	364
665	662
4252	3755
4789	3713	3173	5598	4026	4544	4895
4862	4749	6039
4817	1576
3029	1280	3817	1757	2468
5850	5796	5381	5623	4669	682	5834	4858
1757	3029
1331	2874	4122
4275	4536
4479	3313
5969	3311	3313
5041	5039	5935
3721	5635
1865	6111
5891	1819
5617	1397
5645	3437
5901	4632
2175	3437
2461	941
3833	787	1518	3781
1397	3066
3023	1863
3719	1397
3445	5412
1431	1583
1767	1958	1583	1731
1767	1958	1452	1731
1767	1958	4922	1731
1767	1958	5323	1731
247	248	249
2597	2486	1154
4613	2688
4613	2688	3990
4018	4257
4613	1852
1395	4613	1852
3280	3643
4428	700	4069
653	2901
954	985	942
1344	1397
975	985	942	997
1003	1071
1110	1909
4227	5544
3787	1956
5289	1273
1614	4227
2930	3448	3099	2693	2576	5619	886	2500
6087	5204
1590	3329	1748
5351	4380
5351	5738	3408
4304	5316
5738	5140	3408
5738	3408
3017	5738	5140	3408
3302	5512	2946
5349	5074	6010	5599
5599	4349	5074	6010	5349
3308	5281
5074	5599
5998	5026	4964	2847
4188	1371	4784	5977	6041	5749	4774	1259	3242	1947	5753	5283
4974	5173
3500	3046	4846
2107	4107
3200	4853
5383	3200
3579	6085
5084	5831
5444	5706
5706	4643
5444	4643
1135	1344
5444	5706	2966	4643
4213	5831
5831	4774
3480	3281	4902
5261	5235
5190	4282
4130	3836	2787
5190	4999
3940	3982	4276	1709	1552	4178	592	164	5688
181	1860	262
5406	3137	4414	5061	5506	4339	439	2922	5577
4414	5577
5753	5977	6041	4774
5152	5438	5899	3675	585	5215	790	4284	5708
2510	6000	3138	527	5775	1580	3459	3968	1993	2380	5955	1733	3193
4663	5639
4191	5120	4338
5818	4927
5048	4892	4891	5770	4777
1484	1069	4907	5988
4907	5988	5359
5014	4646
3278	5819
3278	2671	5530
3278	2671	4790
3278	2671	4456
5350	3278	2671
6009	5586	4802
4741	4938
5513	4756
2693	4756
1076	1273
3487	710	4508	4901	3266	4689	3626	3119	5300	5366
3725	3467
3842	4268
1936	2899
5758	1936
4992	1449
3050	3326
3895	3896	5696
3238	5566
2619	3746
5566	4143
2857	186	67	3131
2939	2699
1741	1895
3314	3311
3147	4870
4089	4088
4870	3051
4518	5136
4831	894
6009	3256
25	2183
6003	4699
4721	2183	1767
2960	4539	1776	2705	2649	2234	1562	3897	3923	1895	1083	3795	1426
5853	2923	893
4476	3589	2334	3588
966	3023
1031	1704
730	3248
2977	4591
6082	3794
2651	3793
4950	3070
2246	2283
6079	4639
1706	4049	1476
2165	2887
3722	1148
720	5320
4683	1663
1438	5727
5308	748
3487	710	5425	4901	3266	4689	3119
4495	3323
5583	2236
3817	1143	3915
1928	2942
1928	4626
2618	3854	3978	1535	2647	1536	5206	340	1832	3664	4084	4535	4534	260	107	170	3654	105	4533	127	1534	1537	114
428	5557
4443	5557
2618	3854	3978	1535	2647	1536	5206	340	93	3664	4084	4535	4534	260	107	170	3654	105	4533	127	1534	1537	114
5557	4753
4443	428
428	4753
4741	4487
1216	1454
105	2618	3854	340	1534	1537	5206	3978	114	1535	2647	107	3664	1536	4084	3654	4535
4534	105	3854	260	340	1534	1537	3978	114	1535	2647	3664	1536	4084	3654	4535
2618	3854	3745	3978	1535	2647	1536	5206	340	93	3664	4084	4535	4534	260	107	170	3654	105	4533	127	1534	1537	114
1116	1064	238
105	3854	260	127	340	1534	1537	5206	3978	114	1535	2647	3664	1536	4084	3654	4535
4530	4236	4166
2943	2467	2182
3078	1695	2912	2007
4682	2007
2565	4682	2007
5540	3050	6001
6068	5653
1116	1076
4949	3003	2376
4472	5247	4230
4415	3463
4165	5432	4934
2000	2469	2545	2706	6078	2656
5534	3080
4493	2661	2690
2886	5900
3759	2891
5900	5714
3972	3695	3663
2652	2672
2672	5400
2597	2652
2652	2602
2652	2451
2652	5400
2652	2675
2675	5400
1631	1431	238
5443	5439	3870
5508	4713	5505
2652	2244
2652	2676
2343	3054
3942	3981	2169
3719	2970
3981	2169
2665	2686
3457	4810
2043	3866
225	3662
3957	5707
2497	5845
2475	4223
2676	5400
5395	4859
4859	700	5044	5395	4503	4510
2652	1443
4223	2638
2652	603
2652	5813
5813	5400
2652	2245
2652	2523
2652	5735
5735	5400
2652	5667
5667	5400
2672	2650
3217	3261
908	3153	4717	4818	366	2282	4485	4740
5573	4222
4971	766
1288	3022
908	2281	3153	4717	4818	366	4485	4740
945	1288	963	3022
938	3533	5489	2512	2573	5725
3016	2733
5402	4478
1994	5402	4478
5640	2236
908	4041	3153	4718	4901	4689	4717	4818	366	3119	2282	4485	4740
1358	5640	2236
3653	4137	4405
3653	4137
4405	4141
4137	4405
3653	637	6006	4137
6048	5070
1553	1589	331	2971
908	2281	4041	3153	4718	4901	3266	4689	4717	4818	366	3119	4485	4740
3145	3420	1973
6070	3420	6045	5423
2602	2650
2451	2650
2650	5400
2650	2675
416	2236	2233
1856	1457	6105	2746
2244	2650
2650	2676
3755	1457	6105
1443	2650
2650	603
2650	5813
2712	1161
2245	2650
5850	5796	5381	5623	4669	682	5834	5143
599	6026
3266	4901
2650	2523
5735	2650
2650	5667
5796	5381	5623	4669	682	5834	4858	5143
5850	5381	5623	4669	682	5834	5766	5143
5381	5623	4669	682	5834	5766	4858	5143
4797	1330	2760
5751	6034
5368	5663	5390	4800	2287	4136	5082	2524
3487	4689	3446	3369
2278	2368
5465	1939
1362	2964
2963	2964
4644	4601
5705	5920
6007	4880
4808	2752
1029	960
1221	669	89
4072	2932	462	4071	4264
2678	1326	1159
3229	3506	1640	1163	2062	4930	1065	2467	1264	867	1223
2747	2690
5396	5842	4694	4580
5396	5514	4580
5396	4671	4580
4747	2155
3621	6115	3901
2333	4792
2600	5873	5058	3184	4648	4716	3281	4939	3480	5756	4108
2208	4595
5704	5672
2759	5407	2394	5547	3394
4699	2975	1974
2759	5407	2394	3394	3378
2924	3452
3204	2600	5873	5058	3184	4716	4939	3281	3480	5756	4108
3204	2600	2494	5873	5058	3184	4716	4939	3281	3480	5756	4108
2001	3949
2483	4422
1369	2236
3405	1632	2083	1330	2760	4874	1327	4571
4691	4951
5110	1506
1896	5110
3278	2671	3750
1847	5110
5527	3194	5788
5527	3194	5788	3325
1628	1742
3078	2007	2467	1695	2912
1105	4682	2007	1697
1653	3157
4512	5495
3387	3467	3725	3343
4180	4253
3157	2638
3479	451
1456	1626
2298	1907
253	255
158	3045	195
2600	2226
146	189
5334	3127
254	209	5109
2296	3157
4372	4065	4005	128	5440	5705	171
5848	2627
2646	3157
4176	4038
3528	2709
3130	142
3986	6018
5467	773
5262	3592
4328	2287
4875	5056
773	665	810
809	4392
5295	5087	5077
3280	3309
5717	5919	5191
1745	2689	5921
5503	908	2281	4717	4818	366	2282	4485	4740	4546
3387	2282	5570	5503
5503	5026
5503	3467
5503	2281	5581	2282	4740	4546
3656	5369	2447
3083	1517
3487	5817	710	4901	3266	4689	3626	3119
2535	4121	1217	3630	4585	5448
5820	1858	4719
2366	5501	6057
4497	4333
3715	5306
2580	4419	5339	4884	1886	2200	3019	6023	4824	4903	4376	4769	4681	3116
3219	3126
3487	2282	908	5817	710	3153	4901	3266	4689	3626	4717	4818	3119	351	4485
2659	2563
184	3515
5065	3973	5339	4082	4824	5548	4376	4681	4105	5043
1464	2659
3043	241	3515	183
3347	5546
1996	6032	2506
1313	2205
4074	4410
695	646	5130	3207
4353	5158	5147	5199
4353	5199	5147
4419	2580
5392	3050
1344	5429
742	2410	441	5744	2458	5937	3310	440	743	3224	4935
2954	4728
4207	4728
5650	2565
1594	1524
4100	4948
3487	710	4901	3266	4689	3626	3513	3119	5300	5366
772	1952	5254
1952	5254
3742	4700
2660	4373	1404
5376	5305
3400	4788
3296	4761	5497	4517	3702	5523	4926	3388	5980	3063	5524
4788	5495	4511
5765	4788	4861
4689	6036	4901
3771	3783
4167	43	4625	168	4255	92
5169	4625
2134	1381
1766	2648
1832	2659	3889
2582	1646
1555	1646
6036	4901
2658	1545
2648	1545
1645	4623	1646
2526	3141	5104
5423	3686
4885	5999	2667	3652
695	1440	6036
3269	2841	2346
3799	2926
4854	5736
3266	4689	4901
5011	3755	5010
1402	1405	2663
1767	1427	1731
1611	1375	3819
5502	2956
3787	3799
4044	3146
3280	4332
3280	5754	3643
3280	5664	5657
3280	5954
3280	4045
2124	3307	1793	3013
3614	362
3614	5328
3614	81
5804	3320	1907
5472	4628
5686	1303
1996	6032	2506	3135
4346	4728
2260	5377
4448	5296	850	4416
3499	3373
4863	830
4806	4762	4744	2761	4035	5027	4821
3500	4315
240	239
5036	6032	2506	3135	1996
3065	4042
5984	5499	4896
2757	3352	3279	5499	3413	3412
2125	3004	5096	358	5106	2183	626	3050	1965
5236	3755	2931
3514	4511
1492	5906	2737	652
5946	5886
5552	4027
3543	3935
834	2261	3620
3468	5536
2508	2744
4161	4635	5180	3798	2436
1063	4725
4200	5789	4341
3348	4955
5847	3453	5784	2192	5967	711	3257	5379	731	1673	3442	1006	601	4732	5062	5565	3127
5847	3453	5565	2192	5784	5967	711	3257	5379	731	3442	1673	601	4732	5062	4684	3127
2192	4732	5784
2192	4732
2192	5784
5221	3838
3477	5610	3483	3151
2668	2567	5689	5456	3879	2641	6125	3868
5830	3407
3873	1535	2230	2895
3873	1535	2895
6074	5218
4835	4201	4209	4809	3966	3295	4455
3966	4809	4209	4455
2457	2091
4201	5752	5399	4337	6032	5128
818	908	4692	5726	3153	4718	4575	3266	4689	899	3119	4717	1144	3369	2282	4485	4740	2467
2160	2745	1299
5466	1795
3220	2671	5931	5857	3278	5938	1526	5785
2566	4878	4713
4201	2506	4337	3407	3295	6032	5128
3098	3453
5500	5329	5931	6003	4725	5938	5751
3296	4761	5497	3702	5523	3388	5980	5952	5524
3296	4761	5497	3702	5523	3388	5980	3063	5952	5524
1212	1795
2646	2644	2476
2845	2646	2476
3495	2475	2638
3495	4028	2638
2474	2643	2645
2474	2844	2645
728	2638
5500	5301	5561	908	5329	5931	6003	5601	4725	3640	5938	4856	5396	5751
4073	5500	5301	5329	3465	5931	6003	5938	4856
2725	5442
5005	5463	3828
908	3153	4901	4689	4717	4818	366	2282	4485	4740
216	255	2481
908	2281	3153	4718	4901	4689	4717	4818	366	4485	4740
908	2281	3153	4718	4717	4818	366	4485	4740
2671	4394	3376
1918	5026	6021	3403	1828	2847
5318	5399
5128	5399
5399	5752	5318	4713	6032	5128
2513	4061
2363	2557	2559
23	20	19
3296	2961	4303	5399	5497	4713	4347	5128	5299
5782	1374	2438	3499
2363	1374
4511	1907
5892	4779
2784	3136
5679	3690
5782	1374	2438	2363	3499	382
2557	2559
2557	1374	2558	2363	2559
2554	2557	2553	2558	2363	2552	2559
2177	3129
4176	4033
2646	2644	3111
2637	3512
1343	1126
2337	4764	3631	4392	3937	4457	6025
3937	4511
3718	3631	4392	3937	4457	5951	4336
2784	3571
2646	3111
2646	3112
5908	2476
5908	3111
5908	3112
148	4458
5467	2635	2723	665	2736	773
4214	4849	3153	4717	4818	2282	4485	4740	2467
1712	4853
4477	5670
4477	2342
5509	4813	5067	4086	5596	3426	3442	5565	5632
197	198
2407	4789	4441	4440	3144	2440	5086	4550
5824	5644	3266	4689	2285	4765
5075	3461	696
3461	696
4757	3461
4757	5763	557	696
1669	1358	1839
3622	3878	3874	3113	3870
129	3890	2442
129	3890	5443
255	198
255	2626	198	2481
3487	3977	4689	3119	3223
1537	2457	1535
3487	4901	3266	4689	899	3119	3369
3487	3977	4689	3223
6126	1193
6126	177
2883	3958	6126	4286
1673	5847	2192
2192	5847
1673	731	5847	2192
5918	6126
731	5847
3874	3113
2044	6002	5495	4511
3874	3113	3870
5847	5967	5784	2192	4086	4889	865	731	3442	601	4732	5565
5506	2922	439
5847	5509	5067	5967	711	4889	731	601	5565
148	197	194	255	198	4458
197	198	194
148	197
5525	1275	3099	4899	3998	3116
5339	4082	4824	5548	4769
2976	5339	5413	1605	2200	3019	4382	4903	5305	1264	5065	4674	5103	4430	4043	1259	5548	3069	3116	3200	4847	3946	3716	1908	4920	6023	3381	3480	3648	5127	4082	1123	3281	4376	4681	5043
3178	5808	5811	5315	5807	5809	5810
5969	3313
5270	4162
6023	4496
4162	3803
3116	2696	6023	2708
2743	2262	3867
2843	2316
5327	5649
5326	5327	5649
5100	1330
5905	2476
1943	1626	4277
2731	2966	2466
5272	2108	5273
5119	3994
5119	4511
5119	3411
5859	3178	5808	5811	5315	5807	5809	5810
4473	2640
4532	5471	4520
4250	4468	4233	4262	4362	4592	3602	5925
1522	2514
3387	4068	3467	3119
2938	3127
2646	3112	2476
2646	3111	2476
2646	2247	2476
2646	1870	2476
2845	2646	3111
4466	4259	5464	6095
4586	5168	4614	4997
2839	4033
5343	4746	4897	4677
1301	1742
3402	4210
