9	11	13	7	1	10	3	14	6	17	15	2	12	18	4	16	8	5
26	38	30	41	5	35	40	14	25	15	20	36	37	19	33	1	23	42	22	24	39	27	9	32	28	29	31	21	34
49	59	56	43	52	44	50	47	51	53	60	55	19	58	57	48	62	45	46	54	61
68	66	49	61	67	70	63	23	64	71	38	65	69	72	30	39	41	36	34
26	38	30	73	40	68	44	64	65	18	36	37	63	23	39	57	6	21	74	75	22
66	77	76	79	56	78	40	44	51	82	84	20	67	81	33	42	80	57	62	21	75	83
49	71	87	89	85	76	35	90	86	25	47	84	36	37	88	57	16	32	6	69	22
68	28	92	50	95	26	97	94	60	54	93	96	8	59	91	52	61
77	95	89	12	85	79	78	7	72	82	18	91	81	92	3	63	2	8	98	6	97
100	73	62	13	90	66	102	10	101	17	64	99	51	65	88	74	83	94	91	11
55	86	45	33	14	56	71	72	23	2	80	43	52	48
98	73	100	29	1	46	70	31	4	96	53	24	74	18	93	83	55	35
98	73	46	102	101	47	87	58	99	65	97	53	93	75	94	5	27
19	13	32	33	14	15	12	99	31	65	76	88	24	54	20	91
66	71	87	89	26	95	41	94	43	52	25	4	60	42	39	62	45	29	17	70	83	5
90	86	7	92	102	50	77	69	96	53	24	35
49	85	79	56	35	50	84	18	55	2	42	16	48	28	10	29	102	97	96	83	22
9	81	40	33	34	66	50	67	95	89	24	22	54	8	93	11	48
33	7	15	16	59	67	27
73	86	40	32	7	28	14	56	90	101	87	69	80	24	20	36	37
32	33	99	24	91
32	33	76	88	24
46	47	71	72	51	80	41	16	67
76	96	92	12
9	11	13	7	1	14	6	17	104	15	2	12	18	4	38	54	103	16	8	5
71	26	38	30	41	5	35	40	14	25	15	20	36	19	33	1	104	42	39	27	9	32	28	29	102	21	75	105	22
59	56	43	52	44	47	51	53	60	107	55	67	19	106	58	57	48	62	45	46	54	103
68	66	61	70	71	109	64	38	65	69	105	30	39	41	107	108	36	34
109	26	38	30	41	110	112	73	40	68	44	64	65	18	36	37	111	22	39	57	6	21	74	75	108
66	77	109	76	110	79	56	112	40	44	82	20	67	111	33	113	42	80	57	62	21	83
90	86	32	115	102	114	25	47	87	85	76	4	69	42	80	16	108	36	22	37
68	28	114	50	106	71	95	15	26	60	54	39	8	59	91	52	61	112
77	95	12	85	38	79	90	50	72	82	18	91	37	2	57	8	98	6	70	96	83	34
100	13	66	10	101	114	116	17	64	99	113	31	51	65	110	74	108	11
55	86	45	33	14	56	116	43	72	2	80	74	18	59	36	52	48
98	73	100	111	115	29	1	10	46	116	31	4	96	53	74	18	117	35
73	111	40	46	102	101	61	87	109	58	99	113	65	75	117	5	27
19	13	32	33	14	15	12	99	31	65	76	54	57	103	20	91	37
62	45	66	25	17	71	87	109	26	4	42	41	39	54	60	83	110	43	52	5
90	86	102	50	77	87	69	96	53	30	74	16	80	35
116	85	79	112	18	55	2	42	16	48	28	10	29	102	70	96	54	103	83	105	22
127	126	49	124	128	130	131	120	122	133	125	123	118	119	132	129	121
15	80	16	59	67	27
98	73	86	40	56	90	28	114	101	6	17	87	69	80	20	36	37
32	33	14	99	54	91
32	33	14	76	54	20
46	47	71	72	64	51	41	103	16	108
76	7	57	12
9	11	13	7	1	14	6	17	136	15	18	38	134	135	103	16	8	5
71	26	30	5	35	40	68	14	25	15	20	36	19	33	1	104	42	80	39	16	27	62	28	29	21	75	105	61
19	45	46	137	106	47	58	51	134	53	54	60	103	110	59	56	52	48
140	68	66	61	136	67	70	71	64	138	38	65	141	41	108	105	34	139
109	26	38	30	110	142	112	40	68	143	64	18	36	37	111	136	39	10	6	21	75	108
62	40	111	33	66	79	144	77	109	113	76	21	42	80	57	110	20	56	67	112
90	86	40	112	115	142	114	50	25	136	47	104	76	135	42	80	16	36	108	37
68	28	114	50	138	106	146	95	26	60	54	39	145	8	59	91	52	112
98	9	90	102	50	6	67	70	72	77	95	38	41	57	18	8	91	79	34	37
100	140	13	66	142	10	114	144	17	87	109	64	113	31	51	65	108	11
86	45	33	14	116	137	48	144	148	71	72	143	147	59	36	52	37	35
98	100	111	115	29	1	10	46	116	146	143	148	113	31	53	18	117	35
46	102	145	47	87	109	15	58	139	65	141	30	54	75	147	5	117	27
19	13	62	33	14	148	15	31	65	76	54	57	103	20	91	37
45	66	137	25	61	17	71	87	109	135	42	54	39	60	110	52	5	139
90	86	102	145	50	77	87	104	53	30	16	35
140	112	29	28	10	102	70	139	141	105	42	54	103	16	147	79	18	48
98	9	45	66	115	50	138	106	67	95	58	26	51	134	117	8	105	11	48
28	146	6	134	30	59
98	90	86	40	56	28	114	6	106	87	104	80	20	36
33	14	31	54	91
14	15	76	54	20
46	146	144	47	71	72	64	51	41	108
76	57	7	37
9	11	13	7	1	14	150	6	17	136	15	18	149	151	134	103	16	8	5
115	71	26	30	35	40	14	143	15	20	36	19	33	1	104	42	80	39	16	27	62	28	29	31	21	75	105	5
19	45	46	145	137	138	106	47	146	51	141	134	53	54	103	110	135	59	56	52
66	71	152	38	154	105	41	138	153	64	65	67	139	37	136	141	155	140	103	156	108
62	40	111	33	66	79	137	144	77	109	113	21	42	80	57	110	20	56	67	112
90	86	40	112	150	114	50	136	47	104	149	152	135	42	80	155	16	36	142	37
62	68	28	114	50	157	106	153	71	95	26	151	54	39	8	59	91	52	112
116	77	95	38	41	79	90	50	72	51	18	91	67	37	57	8	98	9	102	6	17
100	140	13	68	66	142	10	114	148	144	17	87	109	64	113	157	65	108	11
86	45	33	14	116	137	148	156	72	143	151	75	147	36	52	35
98	100	111	115	29	1	10	46	146	148	113	31	154	53	18	59	117	35
140	46	102	145	146	144	47	87	109	65	141	30	75	117	147	5	139	27
19	13	62	33	14	148	15	31	65	154	54	57	103	20	91	37
111	45	66	137	153	17	71	87	151	135	42	110	39	149	156	52	5	139
140	62	150	29	28	10	102	67	139	152	141	105	42	155	103	16	147	79	18	112
98	9	45	66	115	50	138	106	67	95	26	51	134	41	117	8	105	11
28	6	143	151	134	59
33	14	15	65	91
14	15	31	20	37
37	57	7	28
150	87	149	13	7	14	153	15	11	161	160	1	114	134	158	8	159	6	145	138	5
71	30	35	14	143	15	20	36	19	33	1	136	104	141	42	80	39	16	117	27	62	28	29	31	21	135	75	105	5
152	59	56	52	86	47	53	160	161	19	106	162	141	134	147	163	45	46	137	146	135	54	103	145	138
71	152	38	154	164	105	165	86	153	64	65	139	166	136	141	158	155	159	140	103	138
109	38	30	110	142	112	165	64	18	36	37	19	136	162	39	159	140	10	6	21	75	138	167
66	77	110	149	79	56	142	112	68	144	20	166	33	162	42	80	57	163	62	168	137	21	156
115	154	164	142	112	90	86	50	47	36	37	114	136	104	42	80	155	16	169	140	31	135	105
68	167	28	157	50	170	106	153	104	151	164	54	39	165	8	59	52	112	35
66	115	116	150	77	38	110	79	90	7	50	47	18	37	114	148	57	8	98	102	6
100	140	168	13	68	66	142	10	114	148	144	77	87	109	64	157	162	65	11	139
86	45	33	14	116	137	148	71	143	149	151	164	163	75	147	36	52	161
98	100	115	29	1	10	46	144	146	143	15	31	154	53	169	18	156	117	35
87	109	30	47	65	139	141	134	39	147	117	27	46	102	146	54	75	145	156	5	167
19	13	62	7	14	33	148	143	15	31	65	154	54	57	103	20	79	161	37
168	45	66	137	153	71	87	135	42	110	39	149	163	169	156	52	5	139	166
90	86	102	145	50	77	87	104	158	53	30	16	160	35
150	164	149	79	142	112	139	166	42	155	147	16	159	163	140	29	28	10	102	103	145	105
98	45	115	116	50	156	106	77	143	31	134	155	117	105	11	112	27
86	150	28	114	151	134
98	90	86	56	28	114	6	106	87	104	136	80	169	20	36
33	14	65	154	161
14	31	103	20	161
46	157	146	144	47	71	148	64	153	141	165
171	150	149	173	7	14	153	15	18	11	161	160	1	172	174	134	158	8	159	6	5
71	30	35	14	144	143	15	20	36	19	33	1	136	104	42	80	39	16	117	27	62	28	29	31	21	135	75	105	5
171	175	56	173	52	86	161	160	166	176	19	106	162	174	177	141	134	155	147	45	46	146	54	138	167
71	152	154	164	178	105	165	153	64	65	139	157	136	174	141	158	155	159	140	103	138
152	30	112	165	153	64	18	36	139	37	166	176	19	136	162	42	159	10	146	6	21	75	138
66	77	26	178	110	149	79	56	142	112	68	144	20	166	33	162	42	80	57	169	62	168	21
115	152	154	179	173	142	112	86	50	47	180	36	37	114	136	104	42	80	155	16	169	31	135
68	28	114	50	157	106	153	170	151	164	176	180	54	39	8	138	52	112	167
66	115	150	77	109	152	110	79	142	7	50	47	18	37	114	170	57	8	98	6	103
100	140	168	68	66	157	10	172	144	77	162	64	151	65	178	179	11	139	165
86	45	33	172	71	143	26	151	164	177	178	147	149	105	52	161	35
98	100	171	115	29	1	10	46	146	143	175	31	154	176	16	156	18	117	35
175	109	30	179	47	65	139	166	170	141	134	39	117	27	46	146	54	75	156	5	167
171	19	62	7	14	33	161	143	109	15	31	65	154	57	103	20	79	142	37
168	45	66	172	153	71	177	135	42	110	39	149	155	169	156	52	5	139	166
62	86	170	50	77	175	104	166	152	158	180	30	16	160	35
150	164	149	79	173	142	112	139	33	170	174	155	147	16	159	98	29	28	10	103	105
98	140	171	45	77	143	31	117	134	54	39	57	110	155	156	112	27
98	86	56	28	114	6	106	136	104	80	169	180	20	36	142
33	14	65	154	57
171	14	161	20	142
46	146	144	47	71	64	141	178	147	179
28	7	15	109
171	150	1	14	114	161	6	153	172	15	18	134	181	103	5	8	159	160	173	11
71	30	138	35	14	144	143	15	20	36	19	33	1	136	42	80	39	16	117	27	62	28	29	31	135	75	105	5
171	175	56	173	52	86	161	160	166	176	19	106	162	174	141	134	155	147	182	45	46	146	54	167
71	152	154	164	178	105	165	153	64	65	139	184	183	136	174	141	155	159	140	103	138
175	152	30	179	112	165	153	64	18	36	139	166	176	184	19	136	162	159	10	146	6	75	138
66	77	26	178	110	56	142	185	68	20	160	166	33	162	186	177	42	80	57	169	62	168
152	179	173	142	112	165	86	47	180	181	36	184	183	114	136	42	80	169	16	168	187	31	135
185	182	68	157	170	106	26	151	164	186	180	54	39	189	8	188	52	167
98	66	115	114	150	170	6	47	77	109	153	152	154	110	57	18	8	103	142	112
100	140	168	68	183	66	157	10	172	162	64	151	65	178	180	189	179	11
86	45	33	157	172	71	26	151	164	177	54	147	190	36	52	161
98	100	115	29	1	10	46	144	146	143	175	31	154	176	18	190	117	35
98	179	167	46	170	146	47	109	166	187	65	141	134	30	75	117	188	5	139	27
140	171	19	62	33	14	161	71	109	15	143	31	65	154	57	103	20	160
182	168	45	66	172	186	177	135	42	110	39	155	169	188	52	5	139	176
182	62	86	170	77	175	166	187	30	181	16	189	188	35
150	164	179	173	142	112	185	181	183	170	162	174	42	155	147	16	29	10	103	105	167
98	140	171	45	10	77	31	117	134	54	39	57	110	155	165	112	27
86	114	136	151	177	134	181
86	56	114	6	136	153	187	80	169	180	20	190	36	142
171	14	57	20	161
185	46	146	144	47	71	64	141	178	176
28	143	109	15
171	150	175	14	153	15	192	181	18	160	11	1	172	193	134	8	159	182	6	191	5
71	26	30	179	138	35	14	144	143	15	20	36	160	19	33	1	136	141	80	39	16	27	62	29	31	135	75	105	5
171	175	56	52	86	195	196	160	176	166	19	183	197	106	162	174	177	141	155	194	147	182	45	46	146	54	167
71	152	154	164	178	105	86	198	153	192	65	196	139	184	183	136	174	141	155	140	138	191
175	26	152	30	112	153	200	18	36	139	176	166	184	19	201	162	159	10	146	6	75	199	138
66	77	26	164	178	110	56	142	185	68	195	20	166	197	33	193	162	186	177	80	169	57	182	62
150	152	142	112	185	86	198	47	200	180	181	196	36	184	183	114	136	202	80	169	16	146	187	135
179	201	68	114	193	106	26	151	164	186	200	202	54	39	16	8	188	199	52	167
66	115	150	77	152	154	178	110	142	112	153	47	181	18	166	114	134	169	57	8	159	98	6
100	66	178	185	68	151	65	192	180	196	11	184	172	162	186	202	189	194	140	10	188	199
86	45	33	195	198	172	151	164	177	135	178	54	147	189	36	52	190
98	100	201	115	29	1	10	46	144	146	143	175	31	154	176	18	199	190	35
30	179	190	47	65	200	180	139	141	134	189	27	98	46	187	75	188	138	191	5	167
140	171	19	62	33	28	14	71	143	15	31	65	154	177	30	57	179	20	160	166
182	45	66	198	172	174	186	177	135	155	110	39	169	196	188	199	52	5	139
62	86	197	198	77	175	166	187	200	30	189	16	194	188	191	35
150	164	142	112	35	195	192	181	196	183	201	172	162	174	186	155	147	16	29	105	167
98	140	171	201	45	10	77	162	187	31	155	54	39	110	112	27
68	114	136	177	134	181	188	176
86	56	114	6	136	187	202	80	169	180	20	190	36	142
33	71	31	154	65
171	71	31	30	20
185	46	193	144	47	71	192	154	178	194
115	28	143	15	57
171	150	203	14	191	15	192	18	160	11	176	1	193	134	205	8	159	182	6	204	5
71	26	30	179	35	14	198	144	143	15	151	180	20	160	19	1	136	177	141	80	39	147	118	27	62	29	31	135	75	105	5
171	209	175	56	52	86	195	208	210	206	160	19	183	197	106	162	186	141	155	194	147	182	45	46	146	207	187	211
71	213	152	154	203	185	86	198	153	65	196	184	183	136	186	141	155	205	212	62	29	75	105	191
175	213	152	30	179	112	153	200	18	139	176	166	184	19	201	162	159	212	10	146	6	75	199
66	77	26	110	185	68	195	144	208	20	166	183	197	193	162	186	177	80	169	205	212	214	182	62	211	188
150	216	71	152	56	112	198	144	47	200	180	196	206	184	136	215	202	80	155	169	159	146	187	135
201	68	193	106	153	214	213	26	151	164	186	200	202	39	179	8	118	199	204	35
66	115	150	77	152	154	164	110	112	153	47	181	18	139	166	176	184	162	134	169	8	159	98	6
185	184	68	197	66	10	216	106	215	192	65	202	194	196	217	188	199	204	11
86	209	45	203	210	195	198	71	175	151	164	177	135	147	56	52	190	166
115	175	154	190	112	35	143	18	176	201	1	193	118	98	29	10	146	218	31	217	199
213	30	179	56	203	190	47	192	65	200	180	139	141	134	27	98	46	207	218	187	75	188	191	5
171	19	62	14	71	143	15	31	65	134	154	30	177	179	20	212	214	160	166
182	197	45	66	216	207	215	186	177	135	155	110	39	169	188	199	52	5	139
86	197	209	198	188	208	77	175	187	200	30	194	205	118	191
171	150	175	203	112	35	195	144	192	196	206	183	201	162	155	147	118	98	29	211	105	204
98	171	201	10	216	77	162	187	31	155	110	39	190	112	27
68	216	177	134	188	191
86	198	6	136	153	202	80	169	180	205	20	56	214	190
14	143	71	65	154
171	71	154	30	214
98	6	77	18	8
185	46	216	193	144	47	71	192	154	194
28	143	115	15
171	220	203	14	191	15	192	219	18	160	11	1	193	134	205	8	159	182	6	204	5
175	26	30	179	222	14	198	143	15	180	20	225	160	1	136	58	177	141	224	147	27	62	29	221	31	223	135	105	191	5
171	229	228	175	56	52	86	195	208	206	160	176	230	197	106	215	186	141	194	147	227	45	146	207	226	204
213	154	203	185	86	198	153	196	184	197	231	136	186	141	205	212	29	221	207	223	105	191
232	229	175	213	30	112	153	208	200	18	225	139	176	166	230	201	231	162	159	212	182	146	6	199
66	77	26	110	185	222	68	195	208	219	20	166	230	197	193	231	162	177	169	212	214	234	182	62	188	233
216	229	232	112	47	200	180	196	206	136	58	215	202	169	224	159	234	235	218	187	226	135	236
201	68	146	106	153	214	213	26	186	164	202	200	219	205	179	8	199	204
66	115	77	154	164	110	190	112	153	47	18	176	166	184	162	134	169	8	159	98	182	6	187	199
185	184	68	66	216	232	106	143	215	192	202	194	196	235	188	199	214	11	233
86	45	195	198	229	208	228	164	177	135	223	147	236	56	52	190	237	166
98	201	115	29	1	232	146	193	143	175	218	31	154	235	18	227	190	176
213	30	179	56	203	47	192	200	180	139	201	134	227	27	98	221	207	218	187	236	188	5
171	62	222	14	1	143	15	31	154	134	177	30	179	20	105	214	160	212
230	45	66	216	207	228	215	186	177	223	135	169	110	236	199	52	5	139	233
86	197	198	208	77	228	187	223	200	219	30	194	205	188	191
171	175	203	112	195	192	196	206	225	230	201	162	147	234	227	98	29	221	226	223	105	204
171	222	216	6	77	162	233	58	187	31	110	212	206	112	27
86	220	198	136	6	153	218	202	169	180	205	20	56	214
14	1	143	154	179
171	154	30	179	214
185	193	231	47	58	192	200	194	212	235
171	239	203	14	191	15	192	219	18	240	238	1	193	134	224	205	8	159	182	241	204	5
232	175	213	26	30	179	222	14	208	143	15	180	206	242	1	136	58	215	177	141	224	205	147	27	221	31	223	135	105	5
171	248	175	56	246	195	206	230	238	197	243	106	162	215	186	141	247	244	227	235	45	146	207	226	245	204
213	249	154	239	190	198	153	196	184	231	136	186	141	205	234	212	221	207	226	223	105	191
232	229	175	213	30	112	153	200	18	225	139	230	201	197	231	162	250	244	159	212	146	245
248	66	77	26	252	222	246	68	195	208	255	253	240	225	230	197	193	162	58	256	177	169	251	234	227	212	182	254	241	233
216	229	232	179	252	112	255	200	180	206	136	250	202	169	224	251	159	234	235	257	218	226	135
213	26	164	246	68	153	200	219	253	201	197	243	106	186	202	8	214	254	146	199	204
66	229	77	154	164	203	112	153	192	18	139	176	184	231	162	134	169	8	159	212	98	182	187	188	199	191
257	184	68	66	216	232	225	143	258	215	192	202	253	196	236	244	199	56	214	233
230	237	45	195	198	229	208	250	164	177	135	239	236	56	190	139
98	257	201	248	243	1	232	146	193	143	175	218	31	154	235	18	227	176
213	249	30	179	203	258	192	255	200	180	139	201	250	134	27	98	221	207	187	236	188	5
171	222	248	14	1	193	143	15	31	154	134	177	30	241	179	245	105	214	212
66	216	239	246	255	253	240	225	139	215	186	177	256	169	254	45	207	135	236	199	5	233
243	198	208	77	187	223	200	219	30	205	227	188	234	191
248	249	112	195	192	255	196	230	201	238	162	147	234	227	98	257	221	226	259	241	204
171	45	216	77	233	58	187	31	245	147	252	212	206	190	112	27
246	198	153	136	208	218	202	169	180	224	239	251	56	214
1	143	154	134	247
171	154	134	212	214
98	77	18	8	159	112
197	193	231	258	58	192	177	200	252	212	235
28	143	15	176
262	182	238	203	14	1	204	193	263	261	260	15	192	134	219	224	239	18	159	191
232	175	213	30	179	264	258	222	14	198	143	15	180	242	265	1	267	250	215	141	224	147	251	266	214	27	221	31	223	105
248	175	252	56	246	195	261	262	230	238	197	243	106	162	215	141	244	227	235	268	269	146	226	270	245	204
263	213	249	154	239	198	153	255	196	184	238	231	186	141	234	268	212	269	221	223	105	191
229	175	213	30	112	153	260	200	196	18	225	139	230	201	197	231	250	244	159	212	146	245
248	222	246	195	253	273	225	230	197	193	267	162	169	251	234	227	214	182	254	271	272	226	270	233
216	229	249	179	264	252	112	200	180	273	243	265	267	202	169	224	159	235	257	218	226	245
201	68	197	246	254	153	106	213	186	164	202	200	219	253	270	264	199	204	269
229	154	164	203	112	153	192	255	18	139	176	184	231	162	58	134	169	159	212	234	98	182	187	188	199	191
257	184	68	216	232	273	225	258	260	215	202	244	253	196	236	188	199	214	233
230	198	195	229	263	271	261	250	274	164	239	266	236	56	225	139
98	257	201	248	262	1	232	146	193	143	175	218	260	186	31	154	235	18	227	176
249	30	179	258	203	192	255	200	180	139	201	265	250	134	147	27	98	221	218	187	236	188
222	248	197	242	14	1	193	143	15	31	154	134	245	179	264	105	214	212
230	246	254	243	216	232	273	271	215	186	255	169	239	253	236	199	261	139	233
262	243	265	198	226	223	200	219	30	227	270	188	234	191	269
98	238	201	257	262	195	263	221	162	249	260	268	192	255	227	147	196	244	234	204
243	216	233	58	187	31	245	247	147	266	252	212	268	112	27
68	232	216	134	251	188
198	153	218	202	272	169	180	224	239	251	266	56	214
1	193	154	134	247	264	105
197	193	154	134	247	264	105	214
98	153	18	159	112
248	265	263	193	271	58	268	192	252	235
239	203	14	191	261	260	15	192	219	18	238	1	193	267	134	224	275	276	159	182	146	204
232	175	213	30	179	264	258	222	14	198	277	143	15	180	242	1	267	250	215	141	275	224	147	251	266	214	31	223	226	105	233
248	263	175	249	252	56	246	195	260	262	238	197	243	204	106	162	215	141	276	244	227	268	269	146	271	270	245	261
263	249	239	198	277	153	255	196	262	184	238	231	141	275	251	234	268	269	212	278	105	191
175	213	30	112	277	153	260	200	219	196	18	273	225	139	201	279	231	275	276	244	159	212	146	245
248	264	222	246	253	273	225	197	193	106	162	250	169	251	234	227	235	214	282	182	280	254	278	271	272	270	281
216	229	179	252	112	200	180	273	243	265	267	202	169	224	276	159	235	257	280	146	278	218	226	245
213	164	264	246	200	219	253	201	197	279	204	106	202	269	280	254	146	223	270	199	261
222	246	197	248	14	1	193	278	143	15	31	154	134	245	179	264	105	214	212
229	164	203	112	195	153	192	255	18	139	176	184	265	231	162	134	169	159	212	234	98	182	187	188	199	191
216	229	232	213	274	258	253	196	273	225	184	215	202	244	214	257	282	236	188	199	233
279	198	195	229	267	271	164	224	239	281	266	236	56	225	139
98	257	201	248	243	262	1	232	263	193	153	277	143	175	218	31	235	18	227	176
249	30	179	258	203	192	255	200	180	139	201	265	250	134	147	244	98	282	218	187	281	236	188
282	280	254	243	216	232	277	106	215	255	169	239	253	236	199	261	139	233
98	238	201	246	257	262	278	162	249	187	192	255	227	147	196	204	233
279	216	233	187	31	141	226	245	247	147	266	252	212	268	112	176
216	232	215	134	251	188
198	278	153	267	218	202	272	169	180	224	239	251	266	56	214
248	265	229	193	263	271	268	281	252	235
154	143	15	176
