1602
3960
4049
1490
2297
2836
1454
171
3055
744
1976
1861
2571
172
1859
4375
3706
2308
795
3023
3878
2952
1339
3242
2600
3559
2041
740
1720
3963
3016
4444
2981
3836
3291
3482
2086
122
4337
1875
152
2768
3432
2991
2832
3238
916
3204
4122
3824
1098
2707
4472
1595
468
980
4473
3770
3399
993
3804
3518
3348
851
4039
1153
1757
2524
3780
60
1654
286
797
2741
801
1985
2839
2509
1303
3046
2916
48
2470
3118
2177
1655
569
3357
1479
3437
1096
878
3604
682
4085
333
2549
4175
2317
438
2361
1820
2108
2014
157
2321
4329
823
1931
2612
2046
849
2032
3741
398
1124
4035
1034
692
2007
3436
137
4319
2022
1060
1918
478
1669
4216
4377
4397
2132
3853
1365
1018
3717
1782
2390
553
1228
1400
1923
2589
4494
110
679
312
1128
2699
3490
3798
3903
3177
2620
646
3245
3635
3319
924
2163
3814
4252
1865
3196
3284
3374
3211
3982
1250
4009
1325
2199
3823
4123
2011
1287
3267
4205
2207
4111
2241
4327
109
3996
3990
42
4010
3546
165
2536
1470
1787
3352
1166
1052
2946
2079
1988
2025
177
2714
2412
3397
571
142
1762
4065
2660
2984
2349
618
3850
4000
2020
98
747
1032
4486
4029
4172
852
1714
876
1332
3754
2235
776
2152
2548
4521
759
2270
3599
303
449
1638
3787
3322
1552
613
1501
3062
153
4191
2629
4372
3915
311
3605
134
957
616
2150
4424
2631
3133
2887
2400
3557
241
4277
1330
815
2709
1027
2388
4263
3528
3782
305
946
1465
4118
1651
3909
581
65
2026
3879
2918
3585
917
1333
1126
1800
3025
3122
4341
1177
1698
735
4362
4253
3534
3271
4315
3423
1198
4407
477
57
1335
3747
1558
1943
314
2229
1197
2118
973
3302
2841
770
4051
4498
3027
674
3959
2506
1620
3743
1125
1024
2089
503
3336
2802
1162
3579
3962
4116
1457
2935
1506
4522
2564
4507
4317
1546
2266
1770
2748
3167
3899
3193
1735
3017
781
1560
1405
2755
1832
1216
1420
1660
2247
4006
3500
1005
1802
2102
2291
592
1940
1932
505
2592
600
414
2779
448
2950
3441
3465
3095
1345
3455
1361
3076
3776
1015
3326
143
720
1495
1678
3021
3478
2645
3772
1589
4068
1393
351
3190
1613
3526
3419
3656
2777
111
1356
4246
135
3777
965
2751
3127
1072
1236
2514
3413
641
1347
2947
71
1786
3264
4265
1636
3402
1334
3214
3386
3731
1789
3793
2621
2922
687
1677
2914
3259
4121
2930
2342
1618
4295
3418
1006
4034
1053
2990
433
1834
2684
2537
606
712
2938
1097
766
1185
3335
4409
1658
1246
2897
4388
2579
1066
2267
2055
1497
4093
3240
883
2252
1837
284
474
2035
2338
1121
4070
3517
3857
1522
2234
2269
3938
2413
498
2899
3483
2387
350
2823
2145
3309
3161
1759
3577
1547
4371
1719
1962
1401
2271
3414
3509
3856
680
1116
530
3676
2574
901
2785
3387
548
475
1239
4442
2476
3395
64
3143
291
278
1652
2855
3536
4285
4053
2865
3320
2794
4152
2650
4454
3523
3666
2038
3675
2284
4359
2188
3611
1818
961
4228
2464
2616
1372
1896
1687
2495
1873
3401
3795
2238
908
3292
3681
3220
2766
727
1838
2584
92
737
1296
427
528
2502
1375
1039
983
1319
3538
3576
3946
150
3226
1756
3549
3091
1527
803
2578
2462
2814
2374
1253
2087
2667
1395
1913
3202
3096
1513
829
1459
2435
4125
2415
2443
3171
1807
860
683
3852
2736
254
1760
1413
2837
2921
3445
2397
3808
4104
1129
868
1157
154
3225
4074
1237
4020
3580
3339
1384
3502
1537
3117
2892
2688
3304
3078
58
70
810
266
1983
664
1663
2047
3606
1280
4151
2339
871
36
1425
3345
904
1895
3355
2373
2240
3042
619
3053
1711
2466
4273
242
3630
4095
516
2544
4366
1688
1458
3984
4080
2866
2488
4267
3785
426
3152
3323
4105
4433
3615
2523
3009
1748
3637
4220
699
3727
1348
3642
3845
3384
3922
3871
1850
2098
2106
2184
1217
1774
131
259
2131
2890
3288
221
2842
2635
3788
4055
3659
587
1758
319
3116
515
3773
2340
4239
4027
2172
178
2154
263
4109
675
1841
4426
650
1503
1866
368
2426
1412
1122
3596
2608
397
1444
3999
2829
2112
1788
2701
4211
3537
4525
2582
898
4519
4208
4091
3933
1653
1452
3170
1594
2873
155
4457
4057
2142
3301
1855
1790
1431
1473
1019
1180
1092
4268
3514
1936
3256
1772
3350
2672
3553
1091
3862
1391
777
1251
4066
3353
2962
4155
466
886
2863
2871
3507
2259
3522
3188
332
732
813
2726
4204
2175
2138
399
914
857
610
84
3516
2992
3157
2593
216
3826
1307
197
3268
3377
979
3035
2974
2458
3008
1734
2129
1134
2356
964
550
4084
3185
902
3054
3680
4526
696
3019
2908
4338
3989
3513
2484
2083
2834
4031
3882
4370
549
2303
1702
1377
2185
4214
3796
3945
649
4536
3467
1213
2436
3638
3594
3290
1071
3797
3910
1390
389
2956
1388
304
559
4343
1267
379
3957
3942
903
1845
2407
3075
3917
2745
3311
1354
3723
4367
46
2681
2818
3058
3664
3391
4257
2365
4033
1628
1966
896
4500
273
1914
3148
2404
3294
2499
988
2143
4174
4050
942
3778
4249
1974
3006
4441
2380
1984
643
1887
2296
2375
3104
182
2162
3125
614
318
2675
4461
864
1468
3365
1684
2029
1048
2765
3315
288
3252
3280
1102
3654
2691
2369
703
4194
3072
4313
2372
2876
3702
487
2072
1058
4294
1713
2309
2218
2731
3024
518
2069
1989
532
2598
4098
2469
3563
1013
2870
2226
3257
987
750
742
2363
4127
2352
3966
4022
2559
2494
413
2017
948
1635
167
4117
4427
3695
105
2846
2568
2130
3745
3497
3858
3310
4044
2231
4524
2607
1272
2772
2337
4182
1242
762
2459
3586
604
2969
4354
2902
1741
1997
2857
156
2985
1062
2262
452
1478
2961
2775
4176
3886
1704
4261
3358
313
2803
4193
2510
3487
3829
1745
1167
2187
2489
892
123
2625
3758
2704
1409
228
1685
3875
3544
1306
4143
2847
4092
3766
3951
280
1011
2528
2268
4141
3473
4360
409
3646
52
4087
3037
1403
1925
2838
3216
3092
582
1022
4197
2444
2757
2104
4138
2169
4046
2384
3786
370
1199
2581
1597
2164
2454
4223
2204
4535
3720
2996
3135
1783
3416
526
1566
624
1205
1084
3626
3607
2428
2535
2379
969
3032
3239
240
2784
1767
145
1279
3124
1516
1794
1565
1286
654
514
4108
2171
3769
3356
2972
888
3645
3551
4485
1156
195
2563
2828
1218
2525
2934
2845
3566
175
3036
1487
2634
2517
1282
2040
454
2665
4215
1657
1622
552
2566
3385
2705
4342
3870
1882
1809
3684
3734
2872
1059
405
3050
2004
2263
4017
1755
1482
2334
4124
1475
787
275
148
4464
1588
1805
2758
1970
432
2655
3371
3649
1398
1315
1243
1944
3450
1804
2353
2519
2460
3430
3632
1020
3806
4302
3512
268
1314
4518
2075
3244
2986
1780
1359
4064
248
2911
103
2066
2545
1271
2844
2264
1811
258
2450
1144
3228
2713
2203
322
3346
4523
1978
2183
2668
1367
636
802
859
292
2351
1195
3108
3134
287
2446
2463
4230
1135
1608
3287
1240
4368
1429
2123
2955
271
843
3639
3746
3038
3081
609
2720
3895
3026
2711
1699
944
1656
3533
1182
4185
3281
3174
329
3142
774
2137
704
1376
1051
3738
3571
3233
2683
4503
257
3215
1990
1593
3488
3318
3506
1621
3166
1821
3837
1341
2633
2401
41
595
1266
104
1753
4202
1732
4069
219
3151
2979
49
1043
1981
4272
768
2983
3341
1202
1623
4048
4032
3045
4451
1730
1007
4082
3388
1939
2825
1573
1798
3086
1499
1259
3381
4160
3484
1172
1040
2740
3967
4229
3542
4036
4363
3449
2051
2937
3789
3667
1958
4447
1578
378
3590
107
2521
1472
226
1716
3029
2606
1938
4291
1211
2508
2392
3691
2817
2421
3099
2326
3030
3457
3261
4410
1727
850
1227
2557
2124
2000
1733
196
3068
4408
4330
2274
719
2391
2318
2167
2926
1980
2485
2220
429
3004
3051
357
4495
2320
4281
2155
608
459
833
968
3944
512
497
1814
1975
4516
3661
3106
2532
4002
4100
3672
2762
4422
2419
2928
1350
1089
215
3074
3466
3991
2637
2567
1902
818
3057
358
2504
3443
3194
245
1411
1959
3712
4226
2467
2110
925
335
383
1494
1893
255
1054
2316
418
2743
2526
4476
2973
2244
1737
3145
1193
276
2733
906
2332
966
2060
1187
282
371
4399
3289
743
1422
206
2057
2197
1111
3179
4403
4374
1750
941
10
4501
2763
2868
2178
990
3964
3784
2180
3431
509
3146
1140
212
2358
909
1502
2786
598
4382
4325
2016
164
2478
1945
1909
4460
2135
4493
4256
3231
920
3183
1539
3447
2804
2615
1318
632
585
2492
4233
642
4436
3175
3539
4170
3411
4106
1829
3451
3896
4278
1381
1930
2166
2787
1077
2190
3504
731
3921
3985
1746
2288
1643
3258
3865
2070
3961
3995
2700
2294
1154
43
3343
2648
3864
1433
1915
838
1641
2848
2538
4369
1545
1700
340
788
2084
1489
3844
1541
1712
2659
4419
3344
1954
2657
202
2851
102
343
2783
369
2678
4417
3794
1911
3819
2255
2064
133
4024
2420
1617
1424
2619
127
4479
2008
1284
4163
2798
842
3775
1615
879
264
1270
1200
1451
707
2254
2253
3953
1078
2441
4147
840
3282
3956
1525
2712
986
2976
3452
975
880
1665
1161
1864
1136
3569
2883
2376
1933
1768
3519
4030
4088
1833
3889
2081
3408
2298
1728
640
1675
1030
2639
3210
671
3020
386
3589
1886
4379
1590
1500
2686
144
2281
4113
336
1343
3578
3403
625
4201
2725
3552
1876
1274
1419
1777
72
1295
1899
513
2577
3415
1082
2173
2205
68
1366
4161
3404
666
231
3935
615
4136
3815
4235
3625
188
2107
4062
2953
4231
2396
3380
3191
3515
2403
3670
4225
2475
1877
2202
2715
4297
3918
1569
3049
877
3757
2474
3070
3260
211
3714
4037
1674
1252
1344
3255
2513
3733
136
2987
1036
3316
4411
1858
3407
3362
222
2830
1278
1612
3456
2552
217
95
2061
702
1968
1087
3655
2860
1670
3876
893
4345
30
3574
535
3412
4166
261
3232
4203
765
4043
3278
804
1697
4015
733
2311
1600
887
1667
1581
3501
1532
239
3622
119
479
362
3998
3105
1145
3453
151
1505
2910
2640
3295
3722
853
4007
1430
1649
387
1626
3993
2732
2792
2215
836
2410
1695
3914
1148
2280
1890
3708
668
2939
1948
1648
3405
1379
816
3929
3333
1294
440
951
2486
2500
1147
100
3948
1784
764
4474
3682
3810
2417
3165
3842
3097
746
4376
124
458
2632
1773
2900
4431
3799
4178
1929
1924
1509
4480
2994
1394
1779
2477
1123
1916
1785
1275
3340
3321
3307
3331
1551
4119
3621
603
2078
3977
950
493
2896
2909
1385
3199
542
2347
4219
1346
1827
621
1298
1477
1188
2013
1104
783
1069
4011
3730
233
4284
3560
1826
4028
2491
4224
2980
1647
496
4171
1998
3496
3755
428
3511
4042
2533
3614
1769
2716
3163
1462
3648
4412
3098
3698
2671
3495
3367
1010
2680
2627
4484
1579
488
1921
1301
1765
3771
1691
3980
3847
2888
4418
3554
3087
2059
1764
4222
441
2425
1624
3854
3276
192
1680
1639
3965
2717
2457
4097
3428
2760
3828
2119
2378
2656
2149
2357
808
2341
1813
3974
327
4186
3230
2153
1564
1587
2105
1888
365
830
3064
2411
2811
2944
162
4148
1992
205
3699
3883
793
1009
3094
1288
1508
2861
4331
2917
3817
4270
1550
3425
812
1485
3936
1806
2721
1533
659
3855
1965
2074
2090
2260
4260
463
875
4333
1892
3082
2543
430
3602
2822
1632
3802
3249
2653
3459
929
2103
4365
711
1897
2472
1025
4393
3080
2810
1382
1150
1722
4469
1606
3608
2613
3269
3508
2515
1884
2399
1857
1538
3693
2936
981
2724
2094
1160
334
3548
1953
3164
3375
1950
4264
2300
757
3180
3002
1709
3153
3725
4126
1190
1510
139
128
1045
2049
1357
4380
3229
2951
2840
2418
3633
1029
2827
355
3366
958
3890
939
3477
1717
486
3103
3988
3201
3306
4335
2063
480
3821
2383
316
2941
3692
3330
2043
2440
936
4517
4438
3499
2322
345
3073
1544
3468
2774
4290
1860
4429
2036
4492
1263
1463
805
4016
2722
3274
2854
388
2797
3718
2901
2092
1017
1689
2394
1327
3424
2718
279
4200
2647
3975
176
2778
3705
3696
3565
3354
3313
4505
4532
3721
2151
296
3643
4334
3556
2214
2933
2889
3324
3767
2005
2068
686
2978
4045
1842
223
4515
1208
3949
4144
2781
2073
1562
4321
2406
890
2586
3448
2800
4496
1258
1619
500
2813
2769
4099
3971
2386
1520
4361
4255
701
772
3531
1300
1725
1666
4456
2547
2682
4243
2970
3039
2414
3677
4450
1567
2275
3866
998
2611
1574
2313
1456
4244
2925
3902
484
922
761
3218
2826
1277
224
3379
3332
3603
3976
3751
2042
3007
2071
3724
1885
3687
3581
2117
210
3756
1074
499
4455
1596
4303
3369
3460
3186
1397
1201
1455
3187
300
2747
3530
1416
2735
230
373
302
3924
3567
1987
4234
3700
1614
3390
3763
198
800
2674
2820
3378
3140
605
3863
3505
1853
1331
1064
2670
2479
3748
3983
1646
1871
3805
4167
2604
2377
3235
1847
1070
2693
3293
2518
978
4251
2445
2065
106
551
2793
2706
2884
181
2206
1127
3545
2878
4076
2343
769
3474
3093
1408
1935
2958
2021
4488
4282
2989
4190
3417
4192
2331
3195
3969
1831
3764
3558
3114
3920
933
1233
1001
326
411
494
722
445
2136
763
1601
554
2605
1105
1269
285
3930
4005
1094
482
2140
1108
2282
602
2048
739
1229
1726
3812
2158
3234
4179
2891
3100
1149
1209
168
408
915
1249
940
425
2527
2052
4071
1326
4158
330
2737
2522
3338
2894
524
2128
262
4177
1492
1972
2427
3410
3144
2179
1808
2546
834
4293
1139
3679
2023
1703
629
3149
4513
39
2560
1771
3732
3919
2806
1090
1373
1815
1883
307
3398
2307
1696
1555
841
1329
669
385
997
323
3000
3707
3840
4336
2801
3446
3192
2208
3205
2551
3575
3347
3898
584
3351
3610
541
3583
1819
25
1676
2641
2480
3791
2156
4421
3690
3041
2663
283
2661
2497
3540
2601
1776
2623
3735
3067
166
3939
3056
2644
677
3892
3647
574
1320
684
1878
4072
1159
3129
2550
3958
2746
1563
2012
4475
557
789
4207
3820
2030
1041
3838
1650
2780
2877
4013
140
2812
662
2904
1679
2886
1117
2115
4453
2227
977
538
3241
4180
3184
293
3040
1908
3868
1449
1312
3818
1387
395
1849
4477
435
4047
3906
443
3660
2455
3251
1846
207
2588
2336
3121
717
1729
673
4173
3994
1793
1268
4309
2945
2346
3904
932
3532
3979
1101
1086
4502
2344
2174
3066
3916
4353
3101
310
3128
1738
2289
1583
1222
4530
2654
4528
3652
3941
3503
3130
3573
4199
3089
1901
4189
2431
3172
3987
74
1371
3015
3894
2228
3521
3243
2091
1081
4132
2698
1530
4428
2286
1511
3873
4218
3393
2191
2730
338
375
1869
1484
658
393
321
342
431
115
3527
4446
4458
4349
1817
3022
2595
147
1957
2430
976
561
1585
4487
1668
1724
1582
1927
695
1519
476
2405
555
2788
599
2362
1690
1977
1225
3014
2923
200
3476
94
2867
4394
2790
2719
2424
1986
2056
4401
2283
984
4459
726
4089
163
3427
4357
422
1115
2236
4405
2198
992
2101
3237
3461
2354
2553
1016
1226
544
583
4351
3835
1254
2677
2076
2222
996
1518
2116
2603
1028
4384
919
1584
2456
265
3713
3800
1879
2194
751
558
1645
899
1349
2649
1795
667
3361
1221
4448
442
3884
628
4443
3400
3719
952
995
846
3952
1775
3872
3744
894
1440
3131
1852
1143
209
2438
2585
1634
290
1483
4083
1942
3342
3065
1406
913
359
4489
1437
1905
1662
381
3801
3491
690
1313
1207
2278
1839
779
3973
819
4212
2843
1265
1848
2652
3689
2276
3792
3203
3156
4213
2622
331
2624
1979
4245
943
2753
4432
1718
1796
2882
1146
510
4470
814
3217
35
2807
2242
3986
3247
3481
2954
3913
1812
2943
2461
4248
1256
2662
2439
685
3950
1744
2389
3811
3940
3620
2448
2221
4026
2687
1926
1686
1898
4227
1220
4491
637
593
160
320
2856
4090
4387
4156
339
2299
2250
1460
4400
444
3440
3860
492
4236
3834
3831
93
1766
3861
778
208
2948
3285
1257
3618
612
4463
1215
3364
2468
346
921
4059
620
50
2773
2739
4187
203
225
3726
4157
832
3830
2964
3090
1469
1681
3219
1526
4165
1414
2209
1380
3697
3686
1214
1529
611
3498
589
4478
2664
1721
1423
1557
403
2433
356
4355
3651
2875
1056
4339
786
3272
2618
4314
360
577
1281
3469
1369
3137
3570
2703
4195
2511
158
3683
3760
3479
501
811
4258
4328
1014
1801
232
575
1706
4269
294
3612
2409
4356
2161
918
2599
1528
424
1436
2237
2127
3846
377
4184
3931
782
2473
3665
1540
2754
708
3373
3562
3308
1894
3900
4471
4373
183
3158
885
1309
423
1731
1835
4383
790
1586
3728
2906
3644
4250
3223
3790
3464
1445
647
3943
1450
244
2929
113
2957
1110
520
3472
635
1951
4529
4021
295
2520
2920
3833
361
1171
3043
791
1308
3221
4054
799
2853
3701
2452
2759
1363
4348
1404
1856
594
4181
416
2335
1693
4527
2002
3627
2898
3759
3926
61
392
4107
1435
161
179
53
3328
1781
2959
1598
2596
2319
2617
3851
1491
2217
4135
1920
2196
3762
3923
453
3947
4120
306
4437
243
2498
3102
1630
3588
645
3485
267
721
1234
3592
1751
3181
3360
3716
2850
4389
3803
3136
4003
1960
1427
3543
2189
3109
490
3061
2696
4153
3595
4434
3881
2364
1131
1664
4296
588
3208
3160
4096
3750
1705
2940
622
1364
648
3150
967
3337
2256
2160
1114
80
545
3327
848
3761
434
780
2053
1967
724
2594
3891
2554
2907
460
1739
2556
688
1524
1219
3048
4237
2243
617
1426
1130
2015
250
4304
798
2626
4276
2327
1512
806
1386
341
1661
1238
897
935
2919
3126
3912
2239
1955
3176
3119
3901
3470
2157
1165
1158
1152
3593
3314
3162
1900
1443
3932
4385
1204
4287
2058
2710
3005
3059
895
2031
4320
3224
2913
2789
1471
3270
749
1568
2580
633
1050
1577
1212
2799
4004
1189
328
249
3222
4137
691
3197
3139
299
1191
1507
4058
1132
2333
937
2630
3617
2761
911
3970
189
2272
891
3658
2893
4130
4423
2597
3634
2915
3300
101
4435
117
2602
421
2305
1561
2213
543
2695
3084
1891
845
374
1453
1791
3859
3711
174
3752
2416
2591
2159
2858
1627
2610
472
2742
730
2729
4001
3816
394
4210
1317
3286
4014
4238
269
2542
2134
352
1012
2658
3584
1038
3529
827
2054
3827
4081
4381
3147
1631
2182
728
384
4378
681
718
4323
861
2001
741
1170
317
3207
678
3422
1442
3265
2366
3992
4482
4008
656
3489
1659
3673
4344
3263
89
1033
2967
3653
141
4440
591
1810
3069
1273
1517
4534
2874
120
1355
1554
1607
2398
3383
2302
2666
2503
2966
694
4416
1536
469
1941
3908
1164
1752
3206
3003
1085
2432
1682
88
1293
4041
4340
2249
2176
3781
1076
2749
2393
130
3454
272
2977
3737
3609
4060
4023
3486
2437
1840
657
2905
3329
353
2636
1917
227
2540
576
3848
1210
4140
3434
3849
2562
1417
1407
4449
97
3028
1151
3107
3619
1206
1103
989
4404
4468
2429
4467
437
415
931
3564
2246
3389
1155
1138
186
2037
4391
1919
3628
2924
3112
4511
1611
2122
3077
651
2211
2348
2422
1603
1289
1342
2044
235
1580
3115
3877
4114
3168
3928
1042
2960
1521
1868
3774
1186
4012
2723
670
847
3248
3510
1576
1498
2096
4483
3349
1464
869
1448
2869
3011
2093
1701
2669
132
1743
2330
1571
396
2819
4462
2453
3409
3897
1304
3376
4128
3597
289
1591
462
1956
3822
3254
2165
1163
1026
4067
1255
3740
3657
863
83
2003
3088
2565
945
824
3429
270
1778
3624
406
85
2702
689
2824
2685
1912
2587
2852
3138
3173
1543
1836
173
1305
1599
3535
3475
3688
2371
4241
1049
1120
4413
1514
3885
349
676
3668
3694
2708
2561
3442
354
27
4040
3079
3997
2862
2080
4110
1673
3372
949
1290
410
856
1559
3063
1137
4150
4512
1947
55
4286
2325
1023
3492
926
2050
2120
3869
3480
213
1982
3189
3085
274
994
2744
2024
3277
3052
3275
2381
2010
2483
907
2942
4318
1100
4396
3159
2738
4326
2895
1276
1179
1461
2360
1683
1466
1244
826
999
2734
1368
3283
1880
652
3978
3438
3363
807
2301
839
2279
40
3182
991
1999
2770
4139
1063
3623
3598
1175
3925
3616
4499
3439
1467
2062
2805
1870
1534
4490
3954
517
2576
3279
1351
86
573
366
1843
2258
238
1428
3841
3034
837
2968
2181
2821
2689
3601
4347
4390
2193
1099
2782
1223
4504
3843
2614
4159
2449
3305
4509
1488
1496
2490
3813
4183
2628
3641
4154
1549
54
125
1037
2795
2006
3587
390
4481
308
3765
4103
4531
3083
1994
2039
1055
1973
2285
2831
2558
3444
1575
1874
586
4102
4145
1324
3809
2727
529
1993
1230
3663
1692
4508
4242
187
700
1174
1949
344
2310
865
1715
1079
363
2082
4101
665
672
1439
1302
1241
4078
2287
1504
112
495
1340
698
1761
1642
2323
630
1535
4312
4452
634
716
972
2245
3547
2697
1881
1851
2988
2109
1192
4439
2982
771
1672
3934
755
2529
4386
4259
3927
214
3299
3972
1872
3463
2999
3298
3266
1434
4038
1323
4392
4497
325
1183
955
3669
4311
2690
1337
4414
2370
4247
3524
3703
3494
566
4406
1996
3420
2583
1572
2085
1264
4077
2771
4025
45
4420
1297
1321
347
2248
4514
1088
420
3296
3110
2482
3253
3541
2496
1370
1203
3169
2471
1816
2186
3671
1065
4129
3729
1196
2033
2146
4146
2225
2077
1736
1867
3047
1283
3631
4466
3303
3458
3662
3382
1047
2541
4052
201
1707
825
1291
2512
3561
3012
1904
3141
2932
2201
1118
1592
3010
1353
4350
1548
533
2881
867
2487
4510
4271
2195
2835
2395
4279
3525
3433
75
2728
1531
3568
1480
2646
3426
1093
1260
2481
220
1396
889
2170
2257
1358
2638
4395
2113
2692
3312
380
3825
3368
3406
2034
1644
3250
2949
623
3359
3123
2168
301
1035
1113
872
2312
1889
2126
170
4198
3132
504
4322
4445
4305
1797
1633
1057
82
3297
596
4430
4324
709
404
1107
900
1605
1338
1232
1481
2232
1046
1402
713
1971
844
1392
1194
3981
1610
2815
1248
1969
2575
2328
2776
3520
4520
2324
3421
3001
4346
1493
1828
2507
2767
149
2306
1389
3880
2493
2216
4209
874
3715
4168
3227
2885
1362
4364
4232
1952
1747
1799
2261
1694
4465
2097
4402
1336
1740
1410
2531
382
3200
2833
1609
391
962
2651
2679
2095
2998
1446
2367
2849
2212
2385
1421
121
3178
3246
2796
1523
1476
2219
1515
2764
3111
2141
3779
1383
2223
4240
3582
3768
3273
2570
4169
3334
3640
738
3739
881
1299
835
2590
2752
281
1825
959
138
2315
4506
2931
4415
2927
2210
960
2859
2539
1625
4217
1637
3396
2329
1991
3591
3212
1616
3236
2791
3018
401
1399
3874
4288
3325
794
3462
2290
1937
146
2555
1378
2516
194
218
309
3572
3636
2903
1570
1906
3629
1862
2147
4533
2434
773
1169
2965
4398
4018
1310
2975
1995
3888
4283
3685
4352
1830
4094
4079
1946
2293
4142
2997
4425
2993
1168
3783
1822
3555
1178
1438