8703
15606
893
14195
10999
2377
2540
3168
4854
3324
16288
798
16177
13695
16453
16117
7714
4207
9559
8049
395
182
14780
7589
5329
6683
2856
11875
9611
5891
13251
9933
4765
7949
6005
13825
3278
13255
12151
7755
14283
6062
5053
2759
10512
12668
5675
9932
2738
7699
8692
2480
116
13948
9879
2138
15669
11834
5200
10527
15300
268
14014
15525
9914
11383
516
1517
2139
15719
16119
13778
15058
8776
7629
13219
6567
9271
10358
7943
5248
12479
5413
9104
13133
7646
5175
5577
1342
14225
5759
763
3180
14275
3557
9427
8927
2078
8573
8287
4865
4833
1303
12616
5418
10613
12561
11733
16338
10830
14234
9515
6034
10445
11621
5895
13642
6710
11490
11446
15838
10973
9690
829
11425
11761
13735
13310
7404
16323
2252
16459
6084
14166
14972
2517
14457
1557
518
8732
11401
13293
11172
3486
8572
13222
5118
2067
11406
15674
1322
59
2362
4
6573
367
15263
10212
15547
11809
6745
9306
8839
15731
15366
14814
6204
7799
1912
5991
4155
4147
149
11283
3012
10651
12527
3331
9204
8610
5978
14265
15042
15222
14349
16313
692
9669
11854
9425
2064
9510
13766
14026
12308
5989
12716
14646
6800
321
13369
1198
5600
3944
6981
4878
6799
2816
1294
3416
15499
9024
8888
15116
5862
6253
9685
3203
13496
10640
11223
10415
5130
13104
13701
6347
14988
6498
8810
11489
3750
1191
4271
2236
8524
10572
10882
2422
8556
3582
9339
8069
14537
14198
5868
11085
12095
296
2936
6328
13548
12676
1269
14254
14290
15275
13053
2958
3140
263
8370
7970
14404
16188
6666
16625
6753
742
4188
14700
4561
9068
14499
4850
6194
11429
6739
3791
6630
11919
9941
12901
6009
9848
12929
13472
1538
2652
10780
13362
13190
9267
11098
8886
7584
10542
9692
7276
11366
447
15585
12965
13939
2528
10932
5584
2199
12312
4983
10095
1847
11344
2688
15946
5570
12334
1233
5815
6765
600
1873
966
12073
8656
16332
2445
1397
14116
7013
1503
515
7285
4390
7886
5307
15785
14784
10270
6241
6796
14229
1740
4048
12813
16142
1570
10787
13847
1059
13635
3386
10764
1504
14299
14397
6496
373
6167
9117
13668
6186
2997
2096
12389
791
8645
13325
5539
9079
11755
12932
222
16605
991
13344
16196
15932
15656
9776
11561
2828
8276
16270
7600
10703
12939
10302
4743
8717
7097
14961
3238
15635
9196
5556
4428
3226
5359
12933
10737
14019
7153
12625
915
1772
9737
14813
166
3501
14253
16278
941
6751
4436
9408
16027
1862
13561
13918
16099
15382
7466
16122
12698
6778
3694
14035
16365
8905
2097
2311
13790
11530
7685
15903
11527
4448
15680
5784
6955
3785
1878
13110
1222
9695
10426
5222
4292
7439
14031
3194
6939
15902
9328
1307
11737
8074
1310
4254
9474
1773
2598
15794
10031
8631
4069
16359
13899
13512
1343
12915
4256
301
11245
339
10795
5687
5817
10966
10598
8608
3533
4242
4121
13253
4835
15296
5562
9093
1380
2185
5048
11293
13054
1718
2017
4378
6026
8367
11033
8821
9305
5121
4294
7763
5447
5911
28
9548
16594
7284
7349
3083
778
4364
4633
4744
405
4077
11309
16683
15693
14017
12507
10550
4778
944
5142
14138
9075
15198
9227
16040
6128
870
6701
2152
243
11338
13466
13964
6057
3041
11660
7775
12891
14048
15227
15322
14688
12013
9193
12869
15478
1777
7122
15691
14117
3772
11727
7560
1438
15077
7684
14639
2024
590
13714
13663
1746
12810
326
13651
13304
16634
10987
6377
1431
3727
4935
2343
5297
13078
15082
349
2744
4217
5688
16640
4003
11852
6492
1284
6979
6815
14840
583
13014
4655
1611
13379
14994
1727
10678
11458
9073
5756
7105
10498
14992
2474
8299
3679
4926
3090
10106
1973
2234
11499
11734
4250
13976
15444
1892
16572
3287
15391
16632
5491
6042
5470
8677
10578
14805
16069
3077
13424
16671
10405
5073
16114
4419
5066
9579
9852
12809
1573
10346
13852
16352
16477
6189
5383
8379
14103
7311
10964
785
16165
3131
16336
6300
398
299
6115
7181
7971
8199
11815
6147
6112
12167
3430
3831
1654
16486
11786
4353
6059
2053
7870
9531
3236
5583
9461
15182
6403
5527
10690
12266
2723
16126
4088
15139
4424
5274
10097
11759
4082
9931
5796
1095
6915
6359
66
6784
7908
3186
8918
14065
3566
10924
2605
581
16427
13953
12726
141
16298
5180
12442
9859
5140
8919
4965
4851
15104
12
10552
8557
1196
2316
10765
3846
3623
6551
12797
16600
13006
5011
10842
16560
12309
3629
14647
5700
15927
8140
4649
2645
16621
6549
4685
8338
2683
14993
13229
10615
16627
2558
5252
7123
2113
4788
11983
6903
3792
3890
4774
12853
6254
2047
1689
13234
6660
9095
7845
1824
10740
5927
3729
13937
8384
16133
3333
15148
2998
3898
9771
3958
14323
15938
6245
1717
1125
9110
2205
1105
3146
9151
14651
1589
11806
11590
2005
4476
12776
7780
9044
9090
6287
15739
8269
15180
3812
1443
15114
1980
4974
12982
9978
9765
3214
2235
3159
5225
14547
3619
15584
13867
9018
1856
8831
7257
1543
10420
3696
13713
16185
5255
7071
3839
11738
316
1349
6367
12248
15973
13912
10403
7922
4648
5161
16392
7016
4126
11939
12658
13198
6919
8598
2583
4782
3252
2667
6499
16695
1769
14479
15685
8312
5941
2665
259
11804
11891
8025
6533
12412
15242
734
2365
3066
5720
11607
9386
13637
15907
14998
16457
713
7125
15195
3991
7930
12017
10014
1316
10707
249
11794
16401
439
15353
3363
992
16582
827
6293
15036
15891
5152
14637
11097
9735
16622
16161
12953
9723
16452
6279
9905
14230
12960
10101
8267
12863
9147
14947
8115
12588
10310
13844
13418
2849
8188
1440
11655
8436
3771
13616
2368
6692
14603
14280
3245
8641
2537
3666
11778
3251
11675
12124
4890
7019
4033
16199
8812
4798
10345
13522
5018
3606
11142
8983
1734
15601
5618
15154
6559
16638
13688
10752
16495
2191
14922
10344
4362
2996
3195
849
8023
25
1577
11473
13428
8755
10645
4303
15430
15892
5743
837
7120
9647
6633
4948
5258
9929
11558
11982
3340
14872
10606
10819
4657
4020
2030
12125
987
5553
5015
514
11165
11140
15746
4722
8965
12325
6161
12800
4165
11793
490
705
839
10054
9710
3103
5298
16308
15765
11088
11095
3002
2126
830
9089
4160
6474
5333
4803
5773
5408
417
235
4469
10319
2618
12647
2309
9713
5154
1539
6530
489
9159
4619
9181
506
15475
5939
8450
1165
14606
12106
12273
14246
11635
754
9184
330
7631
8565
5420
10222
14213
13207
13858
15268
9007
10381
8867
9665
364
11116
14248
16055
13232
6483
7687
5666
1011
4760
10672
14084
1661
10691
9599
4290
10451
11913
8255
14566
12874
2443
15577
15072
16136
16226
2954
13244
14802
16658
5265
15955
430
2263
12757
286
7513
4000
12291
6428
2245
13889
2475
7514
1529
749
15250
3281
10996
4838
5549
6748
940
1207
12118
1439
9587
14418
15675
8310
13030
2
11262
9901
3876
3263
9144
16604
4670
6311
2527
8491
14508
6932
16422
11817
10910
7444
2271
5332
7984
15911
1495
7665
8785
1387
9022
10684
10561
13282
4010
8474
7791
8898
1703
12986
9516
12873
15108
1193
2760
15642
13763
12660
14417
8542
5425
9293
8302
4344
15514
973
3925
4359
1287
5985
6032
7365
2215
1644
2730
12916
954
3399
11105
1853
12315
11241
2637
11698
12802
16407
6486
8804
1050
10875
14899
10286
13839
6522
3663
11242
2930
11586
13357
15631
1256
2897
11713
558
5712
9834
6837
93
8211
6743
5065
11030
11118
11144
11335
16693
14012
8431
13285
6103
1027
11238
12543
867
16162
4244
10761
15725
5475
1774
10646
15045
15236
15588
10923
10543
6477
11513
2402
15297
9442
15528
11910
2220
2035
14529
13987
9813
6234
8366
153
10071
9260
507
413
252
3415
5860
10896
15127
8547
8386
2901
14409
15843
5725
5394
11236
12623
2785
10350
16263
12441
2775
3488
8966
13238
3400
16167
3322
9145
9523
13944
15812
3574
15845
3581
8882
5873
14833
16400
13541
11215
15681
422
12485
1796
12586
14745
16419
3602
3205
3780
6965
14668
6712
8407
8960
10785
8629
9414
8053
6752
2187
12779
1456
9821
10852
15003
14729
5808
3037
12720
6101
9187
3167
13506
12259
8385
11222
12127
6146
3129
655
781
5904
3868
6217
6263
7576
12097
15509
124
7082
5177
2506
12583
202
9276
688
3670
14649
1710
5372
15871
7617
3622
3974
7693
4932
503
2274
7822
1706
9261
13925
7555
1056
15803
11259
16251
6448
15206
15971
16337
3649
5040
8483
2182
11585
9050
3137
1396
12343
12922
15065
15531
8400
10038
8592
8745
12989
8403
9059
1234
6617
4662
8186
2062
824
6407
16129
5302
11931
15098
16536
5859
15313
3508
4366
6022
8761
13169
12759
5861
5768
8109
2056
4347
2367
7403
3702
5254
4617
8737
5135
15710
4543
5537
3883
13261
2793
4847
24
6236
11415
13372
1639
14388
3481
12132
8469
11628
277
4246
5270
11145
3359
974
12101
14777
9960
15495
16173
16515
6562
6069
9270
11355
14830
12241
7777
3897
3210
8579
2721
377
5185
327
14406
9782
4112
14306
15407
14046
16676
9332
11966
15928
13786
7098
15196
15947
16107
3860
12394
14411
11746
7637
1594
13290
14476
8171
11781
10806
678
4694
7025
468
12493
3559
9198
689
3431
9485
12224
11405
2644
12516
3361
12483
10823
3806
13134
10033
14816
13777
8179
11336
5226
4641
11578
14040
1434
2400
15416
13120
3691
993
3196
9985
3240
15957
10970
5832
1922
11762
8769
10653
463
16134
793
9201
3625
13113
11403
6929
454
11728
11926
16408
6922
9553
11163
12134
14279
10969
11495
14318
14062
2173
13692
3276
9264
4673
1897
9643
9979
13619
15654
13124
13061
8283
7871
11480
12211
8027
11616
16449
5881
7895
10470
11260
13951
11402
11961
2353
9190
9282
72
11064
12464
4837
4302
3599
4144
14770
10382
2757
16642
15904
10300
5390
4396
12857
14331
8548
14823
3870
9762
9295
685
4186
933
5655
15135
771
850
13394
1264
466
4688
12382
13890
14571
6850
12954
5636
15515
8066
6569
10809
14093
15068
6668
14569
3996
2988
8879
8426
6615
12368
3587
3631
6780
10986
5940
11803
387
7238
9215
1685
8424
12377
13281
13612
14997
15422
8844
1143
4026
15772
2881
8057
16019
15044
3746
7722
10894
9080
926
13822
13979
9322
7046
11440
7134
10609
6885
6255
12434
4724
1356
4400
8380
3662
14358
6886
16478
10762
10063
7797
12631
9678
10698
5012
2314
311
4777
4767
15513
4394
14061
5288
4257
16052
16061
5593
8125
4875
5819
5572
232
11443
6327
12617
12793
2750
4644
10329
10473
8297
10379
11055
1807
11139
6440
7205
10730
15187
10792
10933
16595
8327
7190
13994
195
15778
15703
6773
10351
1064
2711
10371
4206
10078
9882
10213
12108
7912
10339
8753
12018
1451
13923
7677
15708
8697
7033
177
15271
10782
16239
15711
7840
12657
14320
207
11700
4047
7823
7244
14241
14648
11644
13627
1126
12947
6073
10205
9668
12641
5419
8880
10241
16241
12816
16716
1217
9623
1024
4432
10614
7829
10887
11323
13632
2646
16540
2007
1090
745
12302
11181
10533
9806
11832
152
5112
6937
5876
15793
1695
13478
13081
13435
6183
11938
3592
6744
8044
10364
11997
1043
6884
10174
3455
14080
13320
13043
5828
698
4869
5606
10995
4052
9849
15312
1227
7678
12218
7826
6550
16700
13775
10836
11369
13996
32
3907
1797
6776
9281
14679
597
9602
2879
15826
6640
8530
2632
12899
13805
4691
2824
981
6763
9529
10427
4141
11479
5141
8647
9609
13470
2036
10687
6316
10349
13417
6166
3021
8673
13000
3820
3157
5326
15360
2675
2486
8830
11917
6568
12191
12680
13760
2610
13926
8811
9374
13911
664
3615
3249
12920
937
11977
2098
6361
16050
4223
12523
13268
7928
14081
15668
11964
4899
10917
6917
5498
5037
4365
5622
14078
16547
11703
7370
1823
1905
1906
2105
13452
8141
12914
637
3731
6302
52
6338
2699
9989
4255
6798
4637
5151
7487
5820
649
5057
16516
6127
14347
179
4379
14383
5803
12592
14191
8014
7348
13578
4695
13938
8731
11346
14276
4402
8537
1656
6466
11534
11149
9112
3307
13166
14474
4576
113
3858
14300
8447
12595
15252
2401
15326
12854
4867
4893
7083
14505
2953
7391
13722
5354
16304
1844
2204
11137
11246
8116
15539
6018
2289
10061
11020
738
150
4700
8009
1066
1761
14954
9842
8300
3337
9202
7539
13351
9693
7126
13284
8513
5102
459
3033
13530
9886
5117
12693
3884
11218
15811
10288
13140
1607
7007
436
13307
10927
11416
14886
16402
10134
5405
5056
3847
1701
1527
6251
5691
14810
2742
12682
15562
7406
12775
8856
12320
4189
16618
2928
11707
1752
14665
8071
2449
6274
8207
317
2337
9911
5574
2210
6696
8601
1560
9220
10201
4884
11877
3811
11114
2574
13641
6380
1205
2000
12115
12522
3274
12602
6331
14460
7964
482
4925
2624
12000
12546
7542
4241
10803
10708
11884
12432
3505
3583
13423
4289
15314
10501
83
1663
9346
11031
6941
12275
1228
6422
3708
9003
9887
12952
2732
784
11515
6838
10012
5500
12066
6732
12717
4941
6672
11398
2834
16399
3072
2990
15447
530
797
15534
1520
342
7231
345
11604
2549
16329
10232
305
14180
1437
6518
14692
11706
14624
654
10833
7235
5923
15017
6081
15879
4937
15421
11168
12637
7597
13571
16303
12234
15671
11735
7801
15150
5521
2893
1808
13484
7499
13355
14475
7719
7193
12727
6719
13761
14459
14239
9127
2320
129
5841
14007
2473
6610
8453
3064
11662
4059
13008
8215
4330
3521
2444
7878
14722
11007
11836
14755
8543
13324
14333
2999
2654
4783
10096
4464
11835
962
5995
2039
9512
415
6366
14315
10000
11577
5063
12545
13593
5132
9445
6792
11719
15215
16008
238
4415
2281
14602
12689
15997
11885
10982
6707
6594
7604
9051
14314
1932
14389
203
13900
14162
1852
5115
13275
2698
4653
1447
7937
351
3161
7890
6446
15696
12585
7610
7836
7338
15740
12397
1169
12559
13271
12566
9412
7074
9590
10586
5704
9603
6449
3241
5067
90
7051
15457
12035
5629
2347
3040
12136
2127
6597
12870
9274
7108
4771
1979
11032
5612
814
2472
8575
2761
4612
1361
3197
6525
7043
8425
3586
15143
16588
608
51
12739
7203
3253
13758
11206
10848
2200
5194
10869
8157
2968
4087
6770
7640
10712
13969
6984
12321
14607
15780
244
7028
2568
4950
6055
5429
12723
13595
1691
8500
1793
12393
16525
13178
7373
381
8801
11516
10817
4901
12195
13154
9616
5488
1184
3483
9169
16386
14352
6797
1822
14578
8767
5884
7233
16619
14800
121
8740
5846
10554
16113
14118
9402
9441
9944
4180
7511
4482
7253
4102
14803
8952
663
6475
10223
11659
13719
621
6385
2253
7566
3848
6503
11368
10746
1576
9009
8222
5349
2070
12639
1257
3244
917
5492
8514
58
4988
6321
14082
6611
2361
5733
11407
11704
10948
12341
15920
8289
14260
12730
2648
2747
12911
4591
11923
6906
8117
5781
1593
9873
15239
5533
6240
15682
60
4486
3476
11306
1801
111
13346
12446
9032
265
10433
12371
12902
3891
11299
12318
8275
16344
14453
16688
6949
3101
6686
6625
9810
10404
3173
11861
4442
15962
8727
12955
6898
9476
15545
5293
1879
12405
13528
2588
5770
2093
12466
1462
7355
15616
4916
1262
4492
2543
535
15061
16106
5451
5957
4179
6451
4754
6417
3922
6648
14563
11016
13450
10951
15747
7414
10913
6326
8986
6369
4608
6348
10481
3669
2542
9861
6605
9923
10513
786
5164
2562
15316
6143
10141
15594
11060
6641
14611
13575
8635
15011
15448
3368
7195
15378
3477
399
322
15038
3302
14163
8387
2908
12499
11385
10600
11799
11015
10876
11680
11943
12458
13280
13005
6529
15718
8599
527
7358
12638
16410
3918
11988
7974
743
188
16051
6154
1502
5564
15519
1167
7824
14634
7331
13026
6652
16005
8935
11063
9893
12462
15039
12837
13658
6051
6587
12505
7474
3758
5879
4440
1062
3414
13664
13724
10175
11996
8771
2288
7541
9622
6436
13975
9397
8260
4494
9002
6986
5336
4123
15074
10621
15415
2671
8496
10716
5608
6124
12702
3427
10855
977
14143
8342
15376
8401
9480
1513
8622
4769
4906
15184
2841
4976
9319
15371
6289
10763
10312
4784
5181
1913
12490
8564
8908
9424
450
2778
4310
6546
629
5994
6207
16444
7660
5022
14125
5660
10410
15311
12375
8892
8060
325
3325
5625
14462
4269
6168
4718
7991
9576
8005
4917
841
871
1610
12622
894
8246
11476
5869
14285
15390
10956
7405
3951
9488
6992
7771
4924
5072
1521
12530
2731
10130
3494
5856
13978
3321
6608
636
5578
14636
4589
16645
13521
14666
7387
8816
818
12357
15466
10747
13283
15646
15764
10163
16297
123
1753
12286
9487
271
10185
5476
7524
1142
14533
1758
11180
8345
15133
8394
11196
2983
796
2890
16598
2360
9644
998
2685
1898
11906
3580
6020
9908
14553
9464
9064
9755
16545
15168
12715
48
9174
9662
9652
9686
5253
11787
7289
8200
7003
15749
6172
11071
8135
7431
9808
2313
12850
2796
14628
9542
12354
7117
11388
5532
9315
7796
40
14179
10496
7436
8833
939
10592
1782
13532
9717
610
12205
8357
15983
5571
9752
4984
13618
885
8472
10253
6673
8324
10908
500
16644
1326
9065
3108
1370
14074
1473
1840
2155
12635
3553
1040
13399
7279
15786
13023
11559
6469
2433
2660
15395
12601
3579
4264
14278
7613
3685
2653
4656
10034
8330
9525
826
13337
7173
14620
3709
8488
1938
2128
4150
8461
369
9661
15144
15165
16509
2883
11903
947
11531
13680
15688
9082
214
12615
6912
11057
8825
8923
1281
5531
2655
1351
14556
11780
6310
6908
10575
5400
6665
5617
508
12363
2212
12226
995
11128
7753
1161
8356
15553
9815
12244
12780
12573
8371
7527
3647
9696
3681
1168
15341
365
13210
877
8527
10955
12222
2601
15626
8954
12015
10816
6419
1660
14858
5303
8651
4173
4343
8242
5739
4041
13793
1605
7936
11199
3568
13126
1481
9376
9640
9255
3535
6727
9912
6468
10483
12760
4103
879
11460
11318
14534
11800
11634
15463
13248
14247
582
421
9612
8492
4198
11267
4276
6715
11568
15699
435
5193
12904
6589
14951
6397
14782
14783
4159
834
1659
1051
1123
11968
7395
144
2208
15940
11682
13554
5322
10728
2366
13694
7100
8227
5590
4811
3479
15459
1882
2687
1800
3051
3462
3984
15469
11419
10049
11668
1929
3372
8266
11002
14286
6452
11934
10784
16383
4202
7442
13341
10630
9379
14919
12451
14980
1621
6890
13505
6789
12830
10539
9304
2572
1992
5287
6859
3353
6247
3844
1735
3419
12487
6756
3961
7085
4805
15701
9902
12110
9641
8422
2090
15994
7145
14321
9758
4981
9845
8870
8173
3604
5114
7250
7669
916
15565
11077
12331
492
99
1666
4566
4903
5331
12610
14600
2323
2172
10367
15365
6072
4960
5661
3185
3045
3147
1463
1149
7455
10385
315
3642
13300
284
16310
6405
15665
12525
15320
1971
2631
11465
3556
6830
2121
16709
12003
3776
6093
6169
10957
13335
13731
9981
6004
11856
13654
4332
3627
12356
6418
9682
12529
5110
9249
11393
6693
7752
8418
4915
1649
10255
15864
10733
2578
14734
98
11087
6354
6074
9528
5561
14517
7633
8914
2876
1836
11914
2657
13427
8873
6553
6746
12560
8130
6893
11995
5245
5442
7733
9875
3807
6628
3962
4895
84
1461
5070
2389
8139
8748
5376
12401
9707
12703
5280
1157
12200
13069
5075
11026
744
9594
4510
3175
16416
3721
5166
9177
10004
16123
7603
11408
14939
809
3087
3063
14291
2541
15177
9999
7857
1377
16035
10368
4006
12838
8652
4420
11471
15709
9132
9268
9646
6122
1813
3752
795
4522
6262
1293
3755
1514
11547
6944
3665
7854
8105
4753
10262
6537
2512
3905
2450
13363
4122
7701
5889
107
14154
6175
3576
461
9356
4413
8362
12336
1951
11603
765
2255
4018
2907
9098
4386
6384
8178
5778
7227
2715
9331
14377
4550
2670
6869
8720
7723
10922
13894
4631
8861
1109
6139
1454
2754
3799
16174
7563
9017
12365
13276
3838
6260
15634
8427
5045
21
12440
12921
15237
3845
14491
389
16601
12784
5896
7595
8874
15370
3558
9986
14173
3470
3425
8712
9820
14244
14986
15063
13913
1474
14394
337
7607
15639
8782
4325
10799
14205
1494
2736
2103
4689
1694
10628
11035
11325
15733
7795
11579
8205
11377
11872
3202
15257
13264
3024
3668
9021
2145
12470
15400
15804
16701
5945
4539
9781
7111
298
1426
7866
710
1967
147
5963
15853
81
6999
7115
10742
7
13872
5534
10015
14325
5630
7992
4548
2133
1947
572
10905
10102
14928
4204
5113
12706
9918
14072
11505
15126
3690
11251
13100
15536
4025
6876
78
9741
1335
14145
3632
1640
4898
15754
2597
5163
519
9745
1013
16712
11382
14504
16097
4768
4209
8243
6855
2426
8832
14193
8650
8809
15110
691
3949
10062
11321
2866
3125
1742
15454
15576
15240
16307
10176
821
1229
12144
2717
1172
9006
3166
2390
5457
2231
16475
14461
270
9206
12011
15645
12068
10296
3788
13824
1285
729
7099
6631
9909
3707
10449
12791
5364
15603
7583
4853
11243
2068
8046
13024
16092
9530
3928
4356
13202
4638
14164
3834
4732
15084
7185
3487
3598
12265
5752
2639
2307
6173
15750
483
15164
9800
8987
8217
3049
8775
1713
7073
9825
12882
3843
16553
8878
7847
4715
4493
13375
10489
14450
1580
11894
15351
3699
143
7769
16305
12345
1510
8233
8378
4485
2781
6897
2508
6810
12007
4954
10259
16330
5919
6272
11433
13652
9421
6211
2164
16015
6195
8392
16032
7242
584
768
12102
15846
15327
3595
6227
4012
12181
10480
8196
6812
6027
12460
14680
1171
13501
14542
1725
1530
1600
4318
6036
6267
873
6024
10867
3977
7096
9670
11649
5480
14218
5731
8078
5854
4764
1359
13907
1885
8419
3867
863
8034
8402
4218
216
9532
2629
6761
13240
6170
14735
11475
13141
12036
7132
6669
6528
15502
15951
896
13236
706
15823
4998
9790
10637
15695
7526
11011
5044
14037
5543
15120
13345
11453
707
8251
6846
8630
14294
10663
13226
1779
4518
13440
3827
14073
11701
13277
13602
10862
1485
15141
11818
13225
12414
14047
7222
172
15991
3192
412
15022
6184
10494
11502
4462
13516
659
9269
5097
10529
4661
7495
1708
9945
11627
16648
7243
11400
6606
4095
4721
15984
8681
13504
2681
16171
6490
2973
16333
11106
9543
5507
5980
2034
4375
6711
2700
14412
14768
13074
3895
3734
15775
13570
4687
3712
10273
14753
13789
8086
9554
2603
14764
8341
12105
15251
2446
16355
7379
16374
12094
2149
10207
14423
4288
9694
2086
10759
15797
4615
5508
16342
7802
8346
10878
11805
5581
7960
13230
12604
14552
7024
15715
5730
5411
15878
2779
13609
7445
6933
6178
4388
11280
9163
12391
9096
11188
7906
6046
7118
520
2448
15138
1652
15131
911
10974
14995
15935
11500
687
10992
5722
4376
6867
4200
5952
6111
540
9709
9460
780
8043
6542
948
1038
10749
11351
13628
7001
5894
3062
11624
702
4243
15461
9254
16215
1996
16633
1052
11691
779
1035
1903
5435
15847
677
5934
4454
6613
14748
6821
7999
12547
3954
57
13333
10909
14849
10991
8002
13563
2938
2515
7264
2791
7459
11384
5350
14227
6677
8674
1579
8494
6324
7002
4581
10306
12661
4918
12049
16147
15145
15815
565
12512
15305
7996
8423
11313
4885
6899
8569
5289
10183
15062
14703
6916
11208
10612
15456
9797
8584
10953
12849
13686
14773
10171
1519
9667
15204
3079
12221
7760
16667
9243
7377
972
7416
3503
9363
11600
13971
14158
9955
15687
3601
5852
511
2857
9617
16528
13498
6116
2438
737
860
7018
2703
4562
5360
6854
3934
5937
14090
9131
4567
9615
13798
14604
11932
3123
13028
8991
1373
2622
11506
6290
9398
7423
6192
11025
11750
8163
14512
4613
8894
12402
14641
5243
3678
5426
8030
12330
9192
10574
15440
7547
14211
7270
10485
5192
16673
8615
3942
4258
9954
1069
7296
8900
8489
5893
13022
6709
7657
905
3698
7697
12846
6951
2198
14909
14304
15442
16091
1859
4647
292
184
8349
11158
12531
12778
14826
15396
5173
13065
13080
804
6471
8471
3309
6151
13922
13217
13599
6911
11648
5501
5535
15799
9997
11711
15247
15899
16063
7032
8456
336
13177
14045
15207
10680
3688
13972
16170
16164
1266
2493
7916
16580
2536
942
11912
2535
10361
2376
11819
13795
5714
7492
15053
4747
159
1919
8484
2004
3624
9114
13629
2510
10268
2626
2805
4682
4712
1133
753
3773
1164
9753
3355
12396
14271
5818
16120
9366
15179
5449
15152
10080
7069
9780
15728
15698
3469
5993
15389
12219
12029
15773
11494
11827
1394
9472
11676
11445
475
5273
4203
2270
10723
478
9113
11933
12977
14711
1348
5120
9325
908
5719
13730
1079
10883
5094
14348
3743
7026
1339
16406
1804
919
2584
4668
12770
3441
13459
3075
15721
16317
618
16631
13606
9521
9987
5685
393
3444
12257
2369
4182
16718
2080
37
12985
5231
9239
4605
13297
13921
10402
15808
3589
9581
7552
1261
1489
9862
6526
11736
8358
6339
4503
10294
9277
3927
1357
8881
2591
5169
11614
8416
12518
5977
10579
12407
6243
10392
4817
16322
11231
15290
11846
13076
16379
1994
5272
5320
5547
3362
5842
1208
1491
7077
9005
2909
9759
9023
9943
7914
10164
15228
16145
12146
1375
2561
3027
11918
10636
1642
12313
7506
1240
5213
7605
6507
9401
7493
12900
101
5216
6718
3050
6389
13567
15372
9219
2378
4496
13531
4601
424
13223
11062
12754
10401
11980
12833
10976
12059
755
6237
6488
14942
7346
9290
8452
7790
13782
1832
4190
15386
8654
10610
2442
5518
4022
8649
11284
12426
2947
11147
13123
13811
1034
14838
5827
5906
8110
5156
10599
1403
4253
2305
14723
4335
3778
4444
12867
11362
4490
7709
80
13901
5487
3119
9135
8855
16085
10221
1488
14206
7873
15170
10363
4056
7432
5345
5558
1629
12469
15517
2179
13098
16628
704
6670
12187
16387
8736
8990
12634
13836
13422
14949
15280
16377
11202
1638
14675
5603
14469
3172
8410
3385
2423
7739
8292
4624
5468
11541
12147
557
12894
15874
4438
12481
11768
4674
4544
1181
2414
11797
6109
14003
1657
7451
33
9120
13959
10531
9088
4387
7679
6980
16704
3270
4417
2875
6952
3259
97
3544
802
8118
12890
258
10704
4348
3356
15887
668
5058
9720
1238
14585
7110
943
5632
3682
4663
12223
4337
2291
13111
15487
15608
3267
14123
8744
11774
15666
16575
5214
15568
6664
6817
15683
2372
5109
11352
13480
6484
12039
9139
14187
14400
3208
14356
10391
92
9555
6688
16228
8777
15992
11155
7014
6197
14490
5025
14497
2260
10064
12944
6394
16149
15363
880
9799
13756
12841
8842
6228
13361
8571
5335
3220
10322
15885
1914
10272
10484
8236
10124
3250
16362
16
16490
15856
14597
12117
8947
11330
9211
1329
570
2476
5393
14681
7691
14446
2596
4953
7275
9272
11276
3005
2872
7765
14334
11501
6704
5769
564
2808
8582
11970
5674
14524
7682
7273
12082
5635
6019
12643
3350
3015
8604
2854
2141
13594
5362
14632
8477
9087
13510
13874
5680
5713
4219
8973
9495
1259
3787
3120
7963
5032
4523
14494
16233
15670
14262
7412
7225
13712
5313
14587
2439
1457
15587
2529
10515
6985
3190
10581
2604
7972
14297
8008
9773
14862
3257
9129
9775
11594
630
6582
3531
680
7336
14559
15876
4156
1278
11018
2739
7282
2066
15678
3874
13998
878
10563
3967
312
8623
16446
1886
10521
722
7692
6352
11744
15067
16273
16609
2611
5664
4892
6823
1834
9431
4389
9961
13294
12536
3043
7308
7725
10642
14860
5081
2283
8225
5783
12379
3956
12827
15483
14351
2161
15805
13302
362
8077
16211
8185
10089
19
6244
12799
10846
11152
7162
6881
9091
9796
11879
3057
12362
13057
9766
16045
3234
12420
14288
6044
8612
199
16615
723
8539
1186
418
14726
11075
8946
15828
7611
8982
7303
7570
12056
15225
2099
4154
11664
15302
16450
8567
4480
1097
1067
10768
14250
12898
4145
2424
3560
11332
12630
7621
2329
1999
7899
14169
3538
5987
13348
239
1766
7614
2720
1311
4727
3943
4238
5183
12078
1047
15235
4952
2333
3447
9475
10619
12079
12129
16611
835
15533
6866
825
12743
2059
10460
1729
9540
5644
5050
12080
3706
3014
4530
15571
12909
4027
3314
12169
2634
16030
15436
13228
15561
3680
5308
9572
8406
2844
14231
5386
9947
2797
6762
6341
4595
178
11729
12415
12858
15867
5607
5569
16437
10099
2458
1865
15344
1597
10710
5499
11724
8331
14871
5462
2865
14437
5417
12287
4575
7896
14099
13414
4978
2125
2814
2249
5611
4075
11613
11203
11672
1716
3981
14243
4565
8018
3056
14442
6387
6804
1586
6818
14402
9546
2254
3189
3530
224
12430
15338
12984
10369
6900
6006
6790
15231
16201
12176
6600
1949
2546
11661
13449
396
16692
1512
7437
2592
3145
7221
13347
70
340
12598
9133
4839
732
7036
10808
5059
16001
9422
4212
1212
9353
1102
2511
4272
14582
205
10644
3310
11389
13897
7863
10559
10666
484
4231
6860
7368
15950
2201
14101
13206
10051
11985
10070
4054
6276
14856
15441
5619
8773
7716
8150
9429
9703
14704
5239
562
3073
7861
2259
9748
8588
11592
13838
11816
5888
14224
15993
7223
9619
11102
11553
13482
15905
5127
14343
3871
3106
3987
3590
12488
14673
1077
7794
8866
10068
10200
14543
3608
2623
14096
8922
5043
14266
8106
16617
3637
2969
6249
13853
2767
12358
15795
8499
10087
9498
11081
15755
16268
16514
10660
2895
851
10934
2803
11272
12632
5834
15025
5071
9141
8203
2970
674
1054
16293
8683
5262
11286
2295
3948
3113
11343
12571
2941
15006
13584
8849
7468
9454
8202
136
10584
12538
4824
690
4044
16431
8834
7178
2912
11646
10216
6632
16301
6205
6415
14057
1253
14322
6148
15279
3426
3219
1653
5223
11969
9054
10271
12067
8979
12594
2733
2840
2425
7211
8220
7429
16722
1783
14937
3091
5997
12369
4944
15018
3793
10257
9584
13296
14130
9557
5825
16105
3826
4790
16066
12030
7876
10180
15185
949
11436
1869
5256
16610
7316
8535
14870
4579
8929
11715
8701
4834
15614
1156
8280
13519
9843
5671
3640
3982
5105
6634
3163
10675
10713
4478
6875
1737
3003
14148
14430
2189
11256
5823
16221
4989
12971
6408
13295
14631
139
6373
6092
11431
7520
15558
16197
6661
6996
7332
7843
14197
11430
16296
11012
11134
10457
7497
12104
5575
11597
7877
11617
14382
11191
14106
13610
4100
10741
4393
532
16723
16294
7608
14189
488
5694
16613
8177
662
10685
10173
44
5197
3001
8577
8676
6689
8278
8438
16276
3420
2556
4178
13703
8648
8262
7967
7965
1790
13301
13620
1736
14881
11583
14756
8377
14975
8912
11636
4770
2763
11364
7941
1755
14562
7934
10074
2101
3440
2619
1924
9509
10418
9655
9126
4468
7946
4956
3008
6257
8602
6425
4841
8079
11871
4828
650
12664
12192
14950
6049
2104
10122
13352
11036
12409
11170
817
1249
7410
3468
7897
15763
15193
15965
247
11740
16368
1423
12981
13591
10617
13808
16115
3973
11524
9384
8268
6398
1584
16218
4710
15597
2885
11990
134
9930
10667
8482
11720
1674
3130
4084
14799
580
6410
115
2022
8038
3304
15706
3178
3495
14366
76
8354
5690
228
11944
2420
1241
13546
10020
11186
128
16654
6563
1245
5284
4034
1023
9787
2479
7865
14238
13489
5874
12614
10727
12245
4235
15500
8126
15054
1068
9920
4635
108
3919
16316
9830
9846
14741
14525
14113
15490
12859
13857
14568
14487
15359
9725
2709
14528
3906
12023
11896
12411
5935
15605
8011
12062
6370
5897
6554
5373
8603
3456
10424
14945
6667
5158
7392
15278
16398
2690
15005
2459
8319
9303
5971
4479
3264
15121
2765
1312
4447
8364
8408
529
9072
6190
382
967
7189
2735
13130
12820
10042
13010
14659
15137
3367
9556
11895
4799
12570
7703
1731
13565
12472
9649
3233
5422
8098
8091
5592
11115
13386
16636
8226
4091
11773
11042
9316
12020
7060
6198
3232
6697
10067
3644
14507
3460
5306
1117
16223
5077
13613
3135
2303
5275
16565
13492
7408
7683
8993
13171
9631
2859
8306
15340
15788
803
11308
11357
7425
11493
13353
15350
8624
5448
12213
16065
1137
11079
1744
10812
10308
4015
12298
14532
12183
8132
3102
5872
7315
3148
9677
13726
13995
16282
11824
5711
13958
1084
13203
11143
2963
6374
201
13706
14894
4116
3048
5676
14730
3770
5171
348
8658
3160
16004
13393
6902
9171
1757
7192
9906
10083
561
16687
14336
6714
11289
5525
10393
12366
5749
7475
3889
10659
11404
577
15624
5850
4558
4327
5301
16349
15303
30
6155
2332
4904
14744
3607
10261
8270
9578
3490
262
4422
6117
6861
4977
2177
16511
3149
5436
9839
4051
16324
985
6379
14242
13056
9864
4618
13105
5837
3390
16711
15220
2831
13787
16353
8685
5078
11326
13934
8797
15245
5802
6315
6423
14355
3567
11226
1647
4285
2956
15210
2226
10355
42
7188
1682
11556
4866
2124
15839
14391
1556
4129
16074
2979
96
8446
3823
5678
5907
13434
15387
7705
16524
12831
5268
11909
11117
4187
16080
4260
429
11107
1046
4880
9288
2565
2225
16418
3450
11626
10336
12718
12692
4226
5021
7441
7087
11213
13870
13928
7057
16518
10026
6515
1458
13322
15146
15579
4192
16568
13119
8498
2085
14521
9657
9903
5007
14109
14841
8827
1854
6048
12825
13535
14787
3790
846
170
34
5260
3288
11046
4938
2031
4120
401
16156
2722
6514
624
4876
3133
13048
4341
12476
7119
11052
12264
14268
16159
7245
9168
16146
522
8234
14445
16557
16036
8653
1309
3268
11784
3609
7063
4068
6360
12829
14451
8090
641
8208
3926
12419
5990
10274
6368
14295
8793
6957
4401
5998
12690
4680
10114
3865
15094
15854
16044
87
6309
4973
15578
16461
4133
1880
4911
9778
6001
14188
6793
9767
6291
1176
14478
2766
2971
6671
16651
10532
8778
10946
777
7411
8055
8829
5579
2430
13095
10895
9658
3326
4509
5106
15111
10398
14936
7798
3759
5716
1715
12746
10602
2411
14030
3067
4501
10036
11195
4360
5965
15093
2241
10098
3104
9155
15010
8843
15774
11610
10142
13419
15307
13507
10107
14367
6442
2600
1446
10194
4716
13067
9373
12948
2416
16232
14067
9230
13416
14150
11221
5766
14907
11291
1018
12267
13683
6983
16425
5266
958
85
7015
15877
9449
10669
13559
6164
11133
6680
15952
5948
10641
12951
13044
728
1283
9107
7309
15830
5235
7220
7152
6297
14621
8643
5351
2874
11160
13319
3292
1150
7396
10003
1404
12879
2526
9517
16176
4053
3038
3358
16639
2087
3591
11957
4473
3215
15404
10187
8614
8122
7935
3941
10841
6400
2265
4320
4162
6454
9950
8605
183
13739
1791
13097
16630
3019
2417
8852
5357
13992
16409
1406
15209
7375
2995
14267
4919
16235
6870
1483
1831
6353
10443
5804
12627
7784
7979
11721
12772
12360
15963
7030
3093
6222
11209
12263
11739
15107
12342
11491
4517
13568
9865
8708
135
104
11396
7422
5242
10030
13605
13814
13821
4329
11119
7297
10711
12170
15640
8772
12463
5880
4028
16439
7893
12112
1926
12289
13865
10902
14144
4627
12563
6620
9382
10360
12121
6619
10880
16696
2815
15229
3952
9653
10075
2110
5330
13949
7761
11067
7143
11812
862
6976
10037
4377
9924
15057
10225
15953
8443
5314
3097
13263
9946
7170
5554
16384
9452
15426
8636
16569
2501
550
1928
16706
8742
8480
9296
10868
15445
9949
7141
3461
2154
1450
3451
8261
2277
2948
4418
6119
2531
14671
9973
8218
6848
1665
13710
5909
4905
3645
3548
11497
15945
15331
3318
12303
12052
12348
15272
11244
3289
3893
14159
191
2789
2484
2102
3044
12752
5792
730
13643
5811
4299
12236
13365
3722
13698
474
7596
1400
1987
385
15477
11269
1641
11161
11367
8000
3929
156
1026
5976
593
16466
3571
611
12364
13886
12323
13750
16672
1858
16059
12912
15157
5705
1382
4745
12239
11498
384
8481
11220
2222
12390
1073
13108
14480
1267
7184
13059
16047
15510
269
7951
9247
5640
11565
8036
15919
3410
4263
2457
13511
2802
3569
13402
10585
8145
588
12667
12877
13031
2539
14263
15729
5883
1251
7710
1188
3985
14495
5352
15159
8798
10341
2833
9049
2435
3822
1422
14292
15402
6801
16269
2906
379
7106
6722
13684
2011
14362
9591
15333
10912
13859
2516
3597
12963
4929
13543
8047
3888
761
12054
7776
5689
6174
10864
13745
11224
5165
10011
13137
14527
15756
3803
6543
13093
16485
875
11887
333
3513
15649
11157
11697
11525
13524
8715
11560
8348
7012
14785
8759
10623
9251
15393
10596
12123
12535
13330
1781
3674
14485
7571
3158
571
10692
10133
7062
8628
9711
7807
10766
10985
11699
14289
11671
6655
14702
3222
3434
5560
4086
5179
7360
8495
2469
341
552
15933
3016
2379
9829
13705
5049
9564
2319
7581
12457
10800
2278
5047
10452
11897
11601
6064
3382
8020
2264
3529
5439
8293
7809
9287
73
15598
12653
14053
5203
15161
6015
8161
8144
1017
12359
5580
11072
9558
7461
10126
12177
4169
15655
4136
2243
9938
5249
10035
5777
2077
12738
16327
15428
5432
11310
3199
10603
4882
5237
6808
9562
12681
8930
3728
15178
1841
8532
2921
11442
13878
2403
1626
13138
14526
14396
14151
6075
8245
5479
1480
15816
5363
5623
7469
7942
2146
11976
16284
5745
16435
12677
3246
7989
15752
7959
10506
9494
12645
11537
12662
12269
2672
4384
14364
10127
12055
1574
14903
16587
6140
8133
6720
14028
8395
4487
11217
6489
10218
1891
9971
14426
8435
1962
11481
16252
5450
8256
5707
4587
14501
11588
14896
7911
15676
12141
3549
8012
9574
2073
7383
2933
5327
291
931
6460
14789
7975
9039
14775
9826
3256
13733
3534
1320
1675
9925
1089
6724
5456
12537
8580
2363
167
2232
10526
5204
13127
329
13513
14627
782
15291
5969
15858
10573
13670
13685
13073
7839
7954
14855
7792
16265
4029
4416
7418
9036
7359
10587
8411
4583
3217
6962
10815
15096
1368
15406
16339
14709
5051
12217
2589
4762
14083
14428
12907
10413
10937
14177
6521
14086
8978
12324
12593
11956
12980
12549
6935
1053
4776
3230
12235
4214
4862
5478
7133
1333
10269
9176
14185
9191
8938
7518
9409
2612
8085
13461
5753
14176
15796
15895
10983
3010
1112
14435
15512
9913
5455
12424
9812
7042
7232
5765
13773
4043
7811
10655
12058
13403
14447
12991
15224
16657
6268
3563
1405
10058
15000
4646
8010
15862
4216
502
2302
12427
11615
15075
168
8092
7177
890
567
4019
15524
13086
16661
1546
12305
8768
11770
15978
8040
12611
9892
1798
7498
10234
16312
7172
1989
7619
6424
5414
9218
12243
16686
13193
3334
5557
1785
15841
4678
11692
3983
6541
1636
9010
10517
13980
2432
4474
14661
1680
5597
1076
14401
133
493
12088
15960
5595
1147
10323
2184
12897
8889
1799
2186
16143
13458
10560
13152
2922
12642
913
6402
15893
3213
13270
6580
14761
4908
631
614
15129
8209
15777
13168
245
3764
15560
443
6096
2904
14983
7658
7300
7694
3200
7534
4626
9232
15174
643
14969
16616
3562
930
12541
8137
8429
12519
14598
1762
10856
13945
9186
10352
11935
1006
8154
7632
169
10338
15820
5291
9712
11426
1883
5238
3912
8004
3282
16244
13759
5497
2436
10153
15355
8445
684
3671
3438
9671
8180
2386
7708
1496
13259
14757
2869
10469
11474
6201
13117
1113
2084
8583
10383
6080
297
4933
727
2820
4883
13802
13388
12928
8848
6202
11596
8344
11802
5027
8538
1931
11605
86
8940
3085
12043
3474
7962
7894
13947
10428
2784
9975
12449
14531
9056
2507
5028
7559
7562
7661
13070
9659
16389
4666
12353
7465
8787
4958
15470
8503
4861
1232
989
6877
14039
8160
303
7747
7218
4896
11688
7462
3144
4213
13036
331
6993
16496
952
8917
1599
8802
4208
8877
9927
2825
4153
9148
11184
13820
5633
6936
12620
6966
11019
1139
10303
14345
3088
4439
9437
14009
5668
6160
8454
9857
7402
9438
7351
2135
9154
14464
6135
5540
15334
16428
14059
8467
8859
13188
15381
12322
9481
6574
969
3930
10331
3406
8632
6125
14640
3391
2026
4622
14581
2038
5267
4274
2798
481
10734
12755
1376
1554
9076
2082
6786
3432
8335
7156
4785
15323
1226
11518
2822
5645
9444
910
1162
7090
9701
10884
14376
14964
11275
8068
1846
8238
12386
5224
11953
3821
10154
9809
10745
7274
6334
13442
15915
5310
4470
9455
16413
14970
11083
2587
15872
15455
586
12089
7340
8853
15501
14869
1526
6271
2661
9792
12247
16341
4500
2780
13481
10562
2120
13974
2163
16529
4972
3286
2040
1032
8779
11696
15118
4970
1058
5515
5870
12475
1748
3677
1998
13401
13943
6298
14520
4577
2571
14132
1272
6248
10252
7109
14119
14378
13488
12733
16593
2351
7456
3800
5951
12361
13380
955
5638
11282
10625
617
1493
16586
1211
12654
10265
8837
12988
3384
1814
5261
2346
13941
14220
8307
3335
4650
2616
2408
2573
10406
6713
6741
10208
4660
15742
9832
3584
12231
1210
7921
9349
6616
7482
16497
2728
1500
648
7831
12964
1486
2697
15218
2327
8964
7628
11294
2823
10459
9505
510
7446
812
12484
3069
15896
7717
1213
9252
7756
13715
9342
3061
2072
1096
16375
10569
6037
5723
5137
2863
1319
8029
14120
457
1306
7306
8924
9899
7995
4512
6216
16724
11622
11136
13034
5788
12429
1839
9705
15294
11754
15807
7785
3998
13046
9330
3105
15060
14583
7773
7745
14438
7328
9395
12107
8536
193
1907
5416
603
13946
9728
15776
14296
5463
16285
122
13343
13755
4620
10160
9357
7720
3389
8250
6803
5950
360
10664
11477
14310
3527
13753
16513
4317
12675
13804
9940
3551
11584
11378
6948
10732
5399
15106
2242
8862
12150
15939
9375
16577
9628
11193
12203
10411
15388
12691
8271
7620
4758
9451
14724
3749
9014
4092
4297
10082
8634
4321
13153
16612
13566
11645
5220
13237
6883
3086
7993
8803
8943
15582
7136
6087
3672
14511
11059
3279
5807
11082
2837
15897
7021
7804
5014
8784
13063
16234
363
12252
13396
8854
10147
5925
14338
13176
9853
2441
16397
6239
16076
5573
7390
6624
11542
9013
4525
3465
8213
957
5046
6045
11563
1219
1918
4118
10330
10140
15202
9355
4602
11591
2810
4031
2751
15292
11775
16663
5263
1441
13001
5587
11989
14591
5421
6969
5890
5493
11467
4923
15234
3223
15538
15567
7582
4099
671
1561
23
15419
5901
6864
11504
11441
10151
5839
11839
3753
1412
4011
10519
3317
12783
15451
5520
5086
10921
14199
760
5496
12528
9632
2569
12070
6681
15518
16391
7647
11850
13884
15873
13544
15837
16108
3971
7982
8951
14660
11587
13931
15607
16468
9482
15453
4050
12556
13358
5269
11820
5465
6375
11176
13841
3096
10146
3777
7601
12554
10347
4756
16003
7155
13029
13221
1225
2350
3611
902
7263
8506
4961
3775
7750
13707
14023
7191
9416
10132
2651
14953
4081
12761
16137
10422
10847
7031
14273
2002
10620
5277
2647
16334
16247
8962
7510
15557
15694
4609
309
5187
16259
4750
9200
9880
4979
4315
6346
11520
11496
6218
14890
12605
10715
15652
1816
12408
14854
8277
3301
10551
6350
8953
13189
13425
16505
11821
15238
6970
15262
14835
5219
13744
12946
13439
12786
392
5095
14440
14892
4922
14251
12612
8045
10025
10661
2724
4385
11749
3636
11192
12860
14836
13274
8680
1479
4314
7433
9837
1650
11341
6089
8320
2952
9468
9660
15589
14369
13087
1448
14274
1204
6333
12695
4773
223
3007
10797
14373
8373
3851
13851
7088
12471
15029
15255
8148
10546
13647
13828
14763
7578
7948
543
12764
6928
9858
14202
11065
11091
12350
7662
4957
10438
14834
8545
9969
8799
10939
11166
14837
14258
14214
886
9742
14550
15221
16554
15863
12864
5473
12865
13218
8559
9138
15122
815
12628
10810
1230
14712
1060
639
13182
11629
6434
7673
8984
2119
10113
11811
5431
7715
7528
8688
7730
554
8169
8716
18
2216
11216
12937
15012
13473
1940
7421
11240
6344
8519
8518
380
7333
4810
881
14493
8795
11652
1290
6977
569
3617
4930
5406
7994
9520
12392
14319
8165
6068
9934
12494
15283
15347
3825
4184
12514
16135
6729
1890
7070
15492
13966
8374
13165
6242
5377
13586
9743
2382
3376
5433
7641
16635
16698
11250
3473
16680
2060
226
16597
423
9967
13463
13691
14293
9561
5858
13192
13696
15732
1302
1959
3796
6643
6277
11234
13983
14957
5542
13659
13881
4902
10044
6873
9308
2248
8257
5669
16168
14956
14935
10950
1031
9223
9246
1313
14135
16471
10048
2467
4499
5490
5982
10446
3687
12851
5103
10017
6494
10125
10942
8659
5510
832
12725
12708
11084
14079
7278
1697
13162
3242
16361
9866
7394
3976
8228
8398
3578
4096
5068
5174
6501
7540
15559
347
2817
3693
11833
5062
5703
12326
1428
16237
4319
9411
10490
1533
3732
6340
6105
5641
12381
3620
1508
8497
1738
7738
2693
14685
4245
665
15435
6158
16207
11690
4251
3291
8473
16204
16222
7904
13682
4308
11511
6318
9958
10904
5384
6849
5653
3155
13940
11522
8041
7399
12663
12613
16345
13982
3497
2280
49
14564
9470
13267
2555
12959
4450
1690
14105
15418
3857
3633
4286
5953
212
1497
14416
11893
2620
10632
12811
12656
3532
3110
764
4826
9084
15472
15508
13645
8504
10117
7052
14708
5541
8562
5119
3107
7150
7054
2830
16447
15977
1460
16583
16607
1239
12065
2406
11112
3342
6497
12684
5228
4886
2131
2137
6031
13834
16376
16340
7140
13576
1745
11004
1921
11469
13915
14643
14699
5374
5356
9028
8858
11167
7675
13370
7955
14420
16127
446
1201
8956
2708
6303
560
2806
8642
13962
4193
5926
8001
14546
10770
4035
983
11363
6030
13147
6991
14147
7272
7476
773
7833
11782
14131
1612
3783
14933
7764
11034
13702
8517
652
11312
1803
10801
601
4038
14758
7419
12425
5136
13562
10024
280
13527
10309
10682
3537
7700
12021
13717
8303
4316
204
9150
8017
5276
1948
5516
3989
1936
13378
13499
15281
3482
1022
9957
775
12388
6974
10629
13349
498
14337
10802
854
275
5800
1698
3116
6355
3832
1019
11311
10447
12435
5836
14330
16279
16274
3370
4345
1078
12014
813
5443
10299
11201
13052
6828
14999
3953
2428
14114
3092
12903
14916
9570
1983
11454
1331
3036
6629
8570
8258
7544
3435
7830
10478
8958
2961
10522
15727
126
14656
6914
10568
8525
2100
11753
15790
11573
3452
14226
16154
9822
15759
11169
1588
9627
11837
16552
14240
14477
15410
10301
15073
9629
4815
11900
13058
6517
7216
4261
11413
7044
5816
14146
9863
16331
4780
8909
8521
16046
10002
16309
3658
1595
1055
7139
10417
8891
8190
4407
16243
2339
15293
14196
2965
904
8321
4849
9070
2807
6626
14
13582
6758
11266
11702
3134
13816
1420
10010
9279
11319
1805
9805
14128
5093
1124
10052
932
1214
15476
16172
10849
11758
15151
13367
2112
10233
699
1395
12307
7786
3648
6223
10231
448
15824
3596
16192
1231
2258
16691
1218
6663
8101
14779
8013
794
15356
2108
7932
240
14041
3388
9868
6831
8204
8458
1020
5789
4346
2962
16364
9688
6312
15980
3329
4807
11633
13776
15037
6429
4249
9081
10091
3403
8151
10769
7313
4519
12806
5444
11756
5321
2322
2975
13677
5697
15217
2394
10545
211
2349
6730
3018
14996
9747
12027
14064
11642
8739
13114
13749
11418
15460
5031
12380
10547
15377
16655
3725
15458
16561
3774
12069
799
12374
11354
11873
12839
7757
7488
7483
16100
16121
1881
13373
7165
1552
7447
2488
7198
7707
10827
6337
2045
4008
7251
14601
670
11898
16319
11175
16602
13503
8566
5006
5996
190
2273
8003
9547
10282
975
4775
12636
4071
9320
10362
8219
2240
16256
11295
6578
13400
274
8595
15834
14359
4322
11792
7867
10679
10758
1669
12202
1134
1360
3933
7630
15405
1425
12046
4665
14883
14697
1082
3816
16417
14766
3853
10060
3094
4001
8531
2397
7852
16094
14976
3748
9716
9952
7746
7160
12304
6596
10377
10688
10781
4746
12927
10631
3955
12074
14152
5445
14832
13312
11529
15315
2559
8206
2993
14178
13128
12228
4791
4090
9580
6879
13429
12288
14638
1291
12126
8460
3184
5486
714
4196
5446
4324
2804
11570
6967
7915
10450
8550
10652
5838
12913
7860
748
512
1941
2666
13991
2777
2981
10523
11687
1399
13454
1001
1776
4459
7821
13904
266
7254
912
13216
4574
2114
9992
9173
8620
14867
14911
7841
14139
15176
979
9786
4578
11424
11320
3924
4232
4157
11126
10576
9352
1784
2853
7551
6742
3745
8442
7819
6847
8195
14682
676
10961
15288
4667
13768
14025
15967
14610
5658
8159
6070
14523
13445
9383
11991
91
12376
10066
14465
13617
9840
4105
138
9380
16347
7424
8363
14346
9446
10492
11952
11838
4101
7199
210
3950
12165
1625
4738
273
13391
13444
15248
15813
7384
6583
14592
1091
10731
9888
5395
9436
14622
15842
354
5074
10430
1623
9596
1321
14806
12544
5150
10155
8996
10570
8052
6972
1618
12674
15214
15968
3593
4361
3994
11928
6788
2914
5979
15958
7064
12722
5659
751
10874
148
10118
5209
6003
5502
3733
8835
9387
7591
5684
8899
1564
8600
16454
6924
12351
2287
10975
11920
1699
6904
4999
8272
14769
3338
13741
5798
13875
3225
5757
8259
1127
5472
14076
613
8056
6676
3921
6224
15633
15625
16140
5737
10840
5259
14470
8728
13003
6523
7366
14974
8237
10001
16641
3880
5144
15713
1166
9410
15886
9503
13205
11207
13674
9673
1444
4844
2694
4174
4675
3676
5699
11333
4634
8646
3150
9729
882
6392
11606
16348
10943
14170
437
2864
2178
3710
4093
15024
4536
2847
5920
7615
5402
1159
14863
5898
11722
14129
9162
14510
5747
16084
7813
7924
15212
10607
1354
11050
3437
6150
1170
8751
5791
6098
9130
8
9683
10697
3937
12140
6785
8800
8586
3295
8992
2894
13122
8061
8328
5968
3095
10725
6874
4430
15981
2800
3720
3616
8376
1216
726
1547
5677
5509
16681
14436
4301
9769
6822
8352
7837
14655
451
9772
1664
4124
2593
16022
3833
6388
14847
5591
14596
13410
8146
4864
15090
4823
1604
5650
6816
3651
9675
3810
12990
11946
11113
2764
950
250
1346
15636
2931
407
9551
2580
14427
7022
13767
14584
8388
10954
4868
16287
8232
1806
11392
7450
7292
7081
1606
15890
1063
4709
1867
2955
7606
5036
7740
5146
15662
8925
5008
1930
368
11093
12296
14878
10486
4794
10184
13533
15975
3352
9235
805
13601
69
8884
10605
12189
9774
11631
11301
5732
12385
12431
9101
13970
15570
4421
7029
9418
11257
3784
12896
16608
16169
14876
16131
6275
7624
15934
6771
3371
9953
8316
10525
3023
3713
3300
1904
14573
9697
2437
6889
10709
13648
7169
3723
548
12665
8083
4594
3639
1842
3500
11100
2150
16318
10889
3423
964
6618
15200
10007
16440
5610
5477
7554
14194
9074
8334
1365
8037
9589
6052
4985
15383
8709
5410
9869
2326
9484
13764
9477
11177
970
10588
2219
13494
15136
15840
1733
3573
816
1864
9962
1802
12606
12607
10442
3237
7978
11954
10328
2915
13916
4632
15050
8369
10850
1763
9207
8336
1568
866
7164
8932
11945
9724
7224
10458
15930
1131
7329
9499
9639
10181
4704
10965
4221
12232
10477
3408
12143
5613
3986
1522
10807
2746
2282
3499
6023
9891
8147
11227
497
12495
7061
7037
11813
2088
12840
8051
5038
9405
2079
14901
13574
13431
12956
8143
11712
10211
11948
12886
15689
7435
5126
5899
2836
15564
13332
1413
9262
4560
1158
8699
1630
9417
15523
1300
10203
16128
925
7690
1571
3058
2960
10321
4152
12847
700
2935
7931
16184
8609
9823
7522
7927
5304
9571
3901
4731
887
8660
11022
15623
6895
9415
9465
11994
9889
7800
12319
4013
15615
6811
13723
5799
3714
8210
10548
11358
15201
15071
741
12063
14884
3923
899
14317
2470
8824
13167
4873
9228
4236
3520
8593
10263
8790
579
8729
11029
7656
9684
11889
10540
11237
438
14791
15423
3366
9231
7130
9916
1427
43
4982
10926
13186
10828
12453
1875
11892
7453
9807
4664
7957
14752
6695
11848
15937
4445
5149
6920
12609
1144
15783
10860
10500
5471
1499
1712
1358
8555
5826
1677
16236
2530
2799
10722
13224
14875
8240
11058
6690
711
2051
14958
16563
15480
15604
16029
10790
7644
10647
13241
13895
5494
7345
7427
8505
6865
1633
2839
15844
11148
5264
9137
15324
3965
6943
8942
14353
10851
7490
810
2702
10399
14008
2858
6126
1696
11710
15471
10150
12468
14077
3211
6577
2083
9508
9160
1925
776
16668
11632
9350
8244
10466
13145
10267
6961
12768
14456
14576
3496
12599
3817
180
6177
11795
5760
15880
13116
15657
9650
3689
5932
8501
9078
12579
6990
4538
10565
5774
7587
7494
10670
4814
7741
1367
3156
13673
15479
4372
10354
1414
9248
9291
16139
7858
11562
376
14817
10491
1991
11963
2925
2466
7290
6163
6839
8282
12299
15961
3920
6508
11888
12028
15944
14715
14923
11189
12821
14255
16102
16291
12254
7230
15213
1726
6430
15173
7848
7859
5334
1416
15431
7846
11571
13967
15875
3165
16670
5794
12930
9392
5902
2628
1756
8762
8058
12171
14066
14728
14944
15554
2910
10798
9456
12090
13956
4812
6121
27
11557
15289
16034
2544
5159
15663
3913
5627
14642
15167
89
2679
2862
4037
8581
6208
13047
651
15260
11110
7572
1048
11857
16519
1920
12053
14626
14168
7076
13415
5388
13457
7735
8022
332
5344
9000
2838
2550
12450
12474
13863
4408
9351
13079
14536
16000
4222
162
6734
15787
1845
2706
11463
4993
5649
10053
9333
2607
10654
15782
3409
14408
14650
4259
11287
15211
3136
6795
1353
4106
3373
4104
2769
2324
10076
10705
14160
14516
15540
1010
13160
3939
10008
3686
1352
10638
1975
13242
14595
14392
12923
11359
6557
12926
16290
13149
2564
10305
10357
8455
7310
8691
15417
2989
5201
8194
8760
15299
7078
4433
1378
3541
16531
10112
3809
13327
16370
14902
5061
5949
8095
5797
7135
9118
10178
10256
10434
11602
11859
8851
8072
8783
12131
5626
8959
9819
11478
10590
12116
4293
1835
16024
13412
9483
6413
5771
12678
6887
1501
3028
9642
11395
3502
9335
12749
10793
10779
14691
5122
4461
13656
14920
8102
4040
12399
4268
7766
5131
15040
12436
15883
12533
1391
13676
6144
13725
10115
2308
16321
10023
10407
13376
15549
11174
8094
16614
8353
7171
4897
6485
733
9731
8129
8176
3638
1135
5347
8696
1145
3652
7919
15869
12940
1122
2509
12497
14036
11640
16178
125
378
1704
10468
620
6086
10673
15056
246
5318
1635
314
1345
13265
9439
171
1614
11373
984
16504
3009
6136
13737
14839
4146
2743
1282
4309
11657
3760
7288
16535
3514
7926
15643
8974
260
5717
12856
11068
3830
4277
11171
3320
11684
14540
9217
10090
12562
5084
5124
3439
10536
14339
4797
2009
15265
11975
7438
15004
2429
14635
10018
1942
12208
8479
13807
1555
2157
12398
4705
15362
13249
3029
16077
13999
3402
2147
4247
8156
16130
11674
6579
4887
4177
467
15002
9915
4877
2251
7909
13781
16590
4045
8314
15941
6456
4820
11540
6699
10065
8977
8540
10825
11685
14859
9620
14309
12808
2020
7066
4599
523
15714
2504
6386
16689
3404
12832
9966
6963
9099
9828
2286
2018
11348
3081
2290
13125
5910
13551
15274
644
7112
8182
1317
7940
1681
4843
4942
6824
15802
10998
1505
10972
2089
12154
14482
8661
15690
14820
1292
2300
12310
6219
4734
1478
2713
576
9624
10503
16267
16385
16078
2705
479
8016
2054
8192
848
15342
3397
3357
6399
9876
10520
13262
15526
8006
16111
14034
14201
3312
2926
13539
2642
4556
11855
5734
626
9633
838
13239
6772
7287
13144
7352
9963
4280
2298
3762
4205
14630
5474
4652
6076
9607
6383
12190
12220
1615
16043
9972
1818
7530
11863
4167
936
15702
2502
15270
12524
12517
12699
6182
1202
8621
9496
8611
15931
16060
4616
10040
12938
898
9462
10197
10242
13037
8127
14589
13329
5378
16445
16467
1984
5517
7350
9897
9811
6295
2312
15336
9982
6229
308
3519
14652
1152
10094
3277
14749
9513
1338
10748
923
5634
2058
6421
11979
7266
15109
1603
6934
2171
4491
5511
12979
77
8329
9152
9996
13819
8526
8725
9855
4021
10756
10789
11936
9020
10886
1224
2771
12872
4304
10138
16020
2297
3395
13007
3957
8026
8738
15199
7812
4016
4125
5637
4846
14539
10892
13800
15349
16041
9063
15998
14989
10170
10326
14326
1220
5396
7686
6362
4312
7217
10977
13323
11054
16242
6401
12513
6836
8985
891
5460
1136
855
585
12246
3802
9942
11423
16280
14885
15825
13843
12083
10199
13957
1325
16056
9043
1308
8153
9625
8758
872
5382
6635
2197
657
8764
2783
11212
3421
15679
16240
16483
14851
3031
2044
5324
5001
12814
1350
2431
1288
11488
11766
6007
4291
1042
13799
7372
14463
4311
5438
7779
194
4528
836
13212
9432
1559
4452
11581
8763
9289
10167
3903
14857
13252
1542
5672
13279
3121
371
13608
1693
11131
13933
13112
12163
10116
9502
3297
16104
4391
2025
411
3879
2455
874
8541
619
13286
6862
2934
12253
1553
13812
14535
3052
11765
2010
4306
7561
15573
13041
13013
4936
14798
9077
2344
6292
3915
3261
9592
9066
7588
12338
2669
15345
16358
15346
391
16264
1908
12135
14155
10320
9011
6284
14075
10128
9273
10440
15156
5029
14853
845
16006
15996
6647
16482
14674
14731
41
1537
4713
6085
6675
4142
16209
6768
10772
3138
1722
4725
7344
11482
13040
1093
2689
9904
525
9026
7415
9389
2269
9034
1209
9406
1244
7048
3152
4138
14716
11290
3842
215
11297
1315
10482
11360
4369
3327
14305
10072
1609
1981
12025
3
16436
350
13623
13136
16025
9178
3511
10608
12883
4874
8806
15914
1721
11468
15332
64
4621
16132
10340
536
14815
16093
3475
7382
7626
3902
14112
14694
14887
4228
13631
12591
1953
5762
6464
15743
16424
7575
7767
1828
5247
13754
1728
3683
8640
2918
10832
12669
14548
3737
10240
2356
12608
1487
1242
1857
14107
12773
14032
14228
633
4781
8212
517
14052
7246
14771
12626
5657
16442
10192
14807
1304
7294
10110
10343
1274
12279
16423
13580
11867
2835
9310
9294
8823
2809
9183
11183
4533
7343
12550
12404
7805
10086
3781
10243
9666
225
16678
2492
4913
4787
8847
10979
10013
14000
5495
9784
13757
3740
12648
10108
14967
15511
4702
9613
14068
7214
15149
551
1830
3863
16033
2522
14706
996
400
2042
16089
276
9877
2388
10177
10813
13019
604
6094
2238
11669
15705
1379
11905
7892
11462
4863
5550
2076
1364
16095
12423
4684
7347
12992
15723
1392
8864
6511
12103
11752
8664
13880
1676
9037
6191
15429
5339
801
5428
13181
15308
1760
16429
14441
13914
10376
12666
12461
11214
11263
15572
16150
16480
6252
7312
10370
9143
591
1175
14943
5604
7558
11279
11200
16500
15119
7981
16068
12142
9715
10228
15989
5975
13004
12032
3280
14676
15530
2792
5244
10161
3864
12250
2483
9440
5098
16014
2296
137
10866
8988
10384
402
2889
9704
16508
233
3819
4502
8883
11826
1484
8698
13583
759
4852
11822
6950
9538
8617
9601
234
11247
11618
6844
8734
9172
2643
15016
5207
45
9926
12333
6153
16532
12852
11998
6097
4527
6852
4946
7643
10198
2028
14959
5582
15358
602
2317
6775
3260
15913
11866
11371
640
10507
13395
8936
8694
679
10674
151
12403
13718
1445
9225
15836
9606
7240
10555
2826
14605
3614
192
11886
2008
14421
2788
4164
1528
1080
8039
1613
14488
7891
9527
2092
2021
9208
11211
7744
15860
1393
7968
7362
5212
2913
7810
9583
10541
544
7987
10419
13421
10879
5764
1003
16559
2352
15744
13667
16656
12532
7241
3938
11329
6510
16109
15403
16469
634
9568
10755
2407
697
7314
7953
9726
10509
11420
7212
3911
11798
13765
12270
6989
12444
7166
3894
14718
7219
884
13903
800
13842
8895
5863
892
1016
11647
1247
13985
7808
6725
79
3154
15085
7138
4083
7318
7666
11965
9265
15449
6
3978
7751
4822
5596
4240
12564
14821
14880
9614
3963
1215
46
8290
12777
3071
8669
16031
3892
15888
7255
11040
8337
14908
6016
9047
7055
3765
7642
1909
15819
3164
14738
3805
11017
2427
420
7545
2301
242
3039
145
4472
16189
11345
6536
5845
5139
9980
11285
11069
5821
13660
5708
12649
5182
4504
10189
11550
7938
6047
7301
7820
14575
11554
4279
372
16191
1132
12448
9544
7485
15295
10938
568
3818
16650
2755
13158
5147
11056
3319
7856
8890
16592
2503
4598
5750
7361
7538
15384
4370
7271
11683
12785
11303
12756
2460
1464
3646
16396
762
10292
12575
1969
173
8678
13573
10893
8468
16205
3856
6787
10524
12834
1990
5548
12051
807
12504
13175
8149
12114
13553
11619
3053
13132
2095
6913
6221
2613
158
7838
4049
11924
13156
16079
8781
3283
11253
11447
14098
10397
9280
10959
11716
4305
4225
9533
6678
8687
1771
15792
3269
11235
3979
8007
15629
14965
15401
7454
2545
9097
3411
10907
11902
15767
12166
13896
8050
7407
15043
13869
15730
164
4772
7206
2019
6090
7183
2109
8315
4696
4540
938
3143
1963
7464
5087
10408
15651
10935
8690
16599
7536
15814
8551
2927
13752
8893
9423
7568
5855
6832
486
3151
1197
14645
694
6760
8136
1821
10149
6896
9872
13246
16570
8158
3509
6646
14667
7226
2328
5453
15095
10518
3453
5916
8347
8723
8033
12473
13762
6378
2357
8638
3258
185
15566
1730
6504
13256
13385
14990
9347
6942
13785
15189
12565
14095
14444
16090
2456
599
3572
1974
5736
7247
15999
4340
15852
8172
9700
4766
1012
15630
9718
106
1070
320
9514
15917
13465
12552
12644
14934
15789
14308
10158
7622
7041
2599
10677
13806
10179
8754
9285
15552
3112
288
1074
14486
15700
12993
6336
10238
3032
10873
14142
14256
13924
12714
13716
14439
5484
8475
13862
3995
598
5316
4848
12439
2468
8399
7659
8813
4456
14732
10227
10337
2870
6288
7486
6299
3692
12542
15592
7420
8097
14257
16314
7654
9922
8063
11791
4115
11984
12071
13231
14900
15806
4553
8921
609
6623
13101
13426
4521
15097
2206
253
11438
12972
12580
8081
13033
7080
9467
306
12005
2490
313
13590
15385
4808
8295
13336
15966
3084
3354
7389
11960
701
6108
13183
3797
13864
12567
4995
11179
3275
7958
14633
9153
13829
38
15575
9158
13107
3065
9105
646
12281
6356
3828
3332
12113
767
4194
118
4755
14233
2900
14955
4842
13929
5279
16070
15612
3766
1817
2268
6535
10643
7783
9565
14707
5206
2674
5763
11783
12763
5286
14422
7448
4382
6176
2967
15035
13360
14492
16581
323
7529
16725
900
7961
9549
10245
7142
7196
8970
16674
15485
11104
8284
10290
7521
14612
9448
10047
7762
12509
716
8279
16502
9994
14963
14024
4171
13278
9801
14558
13932
13025
14868
9708
15948
6061
2710
11464
9016
10757
3169
6396
16212
14714
6358
14742
11796
11273
4097
6231
14658
6764
3305
15465
10304
11845
12413
2737
3980
5900
16567
13646
5160
9391
3004
5519
14746
15230
6029
7651
8693
394
16472
7053
6010
14895
6427
9213
10657
11350
6802
10129
13075
6060
6138
5189
2447
14825
4832
15249
6206
5370
15748
6825
8662
1569
672
5886
12465
3229
769
6960
8955
13772
13892
15722
15596
2772
3664
7806
12688
279
627
4065
6058
3552
5153
256
11412
2982
6544
1083
13788
9746
15628
15409
16506
4683
12919
8239
15171
1540
15258
6684
4555
12515
485
9575
2686
5379
10111
9856
458
553
9336
13585
7443
8048
14004
6857
3736
16328
6230
8288
11693
16584
8124
1935
6214
16662
4586
1874
2630
12297
3046
2718
2719
6258
11993
278
4679
2050
6988
6612
6921
11342
5566
10209
9588
6420
11831
7696
13467
2237
9841
11708
8265
15467
11840
16503
12782
14865
406
6435
658
366
16366
3162
7484
3306
14100
4368
5835
1811
14172
1275
13611
3910
157
12349
14484
6179
1764
2696
470
6566
3433
13965
3836
7277
13861
13942
5375
11432
6078
6527
3917
15243
5315
15650
5696
3034
9426
15835
11981
16489
3975
11925
11650
11880
4484
9535
3296
15473
4497
16277
9377
8197
11742
10537
6575
14069
1128
408
7507
10719
7413
11575
4057
4282
6653
3171
15868
16555
12719
10057
16470
6213
1523
14386
17
10931
10918
555
1140
4990
999
175
10276
14097
6565
11264
11006
13634
16187
4426
3323
10435
594
2633
15021
4495
7452
10264
1087
10583
2224
6364
16685
2027
112
13381
11459
6066
11788
7586
2944
3115
4975
477
10348
13413
8749
358
10511
11255
7672
4628
8138
3188
12277
7918
8968
6767
14302
6203
10743
6927
2413
15982
6395
10863
2663
2057
9038
2538
14022
3463
7293
7616
22
16543
5215
10220
7635
14252
10077
6901
16018
14554
4036
11304
997
11666
12729
8296
12711
2391
10786
3660
7748
632
12736
13215
14270
5912
11394
14174
12197
4296
3127
11439
592
9400
3815
75
2621
3449
8463
8313
8343
10182
11876
10689
13560
14931
7335
11745
980
1671
6654
956
9008
2272
5728
12077
595
1363
14888
15059
14087
13840
4800
6462
8591
464
8235
11974
7913
15599
5290
2650
8428
14316
13288
15425
15325
8414
4740
7157
11249
1468
6931
13247
7317
16351
8093
14354
5972
8520
4836
3524
15427
12801
3612
12373
14736
15990
1916
7127
15894
8963
2959
14616
10394
14370
3383
12086
13088
1966
1301
1747
15954
1195
8850
10157
2160
1384
14549
14698
7728
7976
11008
409
13835
3054
3422
5125
4623
15369
852
16430
12292
10215
14615
10901
12237
13906
13850
4789
13689
12492
15535
15047
3628
13989
3516
15537
5882
6781
1466
5380
11146
272
14121
15468
5917
1566
229
971
13963
2115
5188
14672
1759
7113
10456
356
11510
3885
13639
15450
155
15027
4573
12969
2033
4761
2396
1237
12098
1767
10283
14344
5954
7075
5251
8607
7925
9057
12327
2939
3813
5809
14912
3526
14695
7434
10121
842
844
10834
3855
344
16395
9851
12489
13009
3235
4239
10275
9365
4140
4488
13476
3298
12383
5847
13887
14663
12096
5236
7888
7280
16325
1265
2716
7084
14684
8711
1366
5887
3176
5785
11569
13542
110
2570
16183
4564
16281
5651
6162
13502
6978
4460
2358
15959
16082
994
12762
5605
4404
1004
9489
11232
14617
6627
15866
50
16116
15092
10634
14898
426
5430
9491
8618
10474
7680
15397
3303
5481
8389
10186
1330
8361
8067
9103
12445
4757
8413
6180
6056
5283
628
9937
10714
3201
11566
806
7337
12787
300
15910
11070
965
10971
5343
11512
9721
5648
6123
4711
6757
7887
2130
9323
7900
14984
1401
12314
2318
2170
10906
5281
3443
8062
8544
5924
2409
5686
65
16227
10967
1314
9360
434
3055
3882
8224
5003
2664
2740
1617
9214
16058
10960
1620
1385
13096
14357
15569
16421
14502
4986
8184
8508
14794
15049
16665
8511
8666
1944
1889
909
16637
6545
847
9921
8774
6599
10750
960
11421
9108
9390
13622
4763
16096
15361
7182
9115
10135
2714
7883
14750
4477
12355
13015
14874
11549
12317
1910
1972
55
5679
7868
16669
9157
9041
1954
319
12848
8724
12670
13650
5108
3491
3841
4845
3824
15253
2896
14002
11962
13446
4511
9167
10738
4414
3206
4645
6313
4534
16717
3218
16186
3231
6445
9900
2832
1622
9004
7781
12908
13891
14877
4423
3862
5929
2773
9895
2729
3030
14701
2575
12961
12061
14727
9791
1850
11567
12876
9598
5585
8705
1578
9779
9814
5639
9236
12081
5030
11947
5250
2144
3999
2873
3467
12557
5404
8152
1700
2880
13898
16083
10412
3673
13151
10016
7706
1778
9569
10871
11723
11380
3472
1057
12917
9689
13109
2673
1389
4014
74
1819
10700
13172
5930
4295
11858
4914
6759
14503
13409
13508
15692
8863
8807
8735
774
2330
11546
9935
11387
5866
3078
15298
3060
2994
11271
2548
14555
15611
16152
16249
10616
5795
3170
1173
14962
5849
5196
953
635
6437
6959
14739
13930
127
9504
16549
82
4248
13469
2887
3946
4005
7504
5656
2331
4437
357
12822
324
1014
9552
11150
13359
10246
5202
1575
10193
14092
9385
1071
6314
8065
14669
5170
9698
2606
8613
7457
9818
666
918
10788
11844
2162
1601
15115
13364
2818
3364
6506
15544
961
16012
8684
573
1558
6644
8031
2892
14557
11760
12712
12438
3968
15546
7004
14545
15617
3428
8286
13180
13655
6335
7489
10333
6516
5217
1506
11248
10558
11638
10055
10353
465
1838
3227
10648
7477
3577
2496
14966
7553
6472
9123
5083
16103
5864
13720
9233
9292
11564
1590
10019
8528
6480
4338
15181
15439
5365
9086
9984
12216
12316
12347
5903
13917
14183
2266
3458
14577
9506
6141
12705
15019
14670
9164
8253
12225
3814
5009
7101
7249
2884
8485
13818
9959
7835
6035
1820
13536
2451
9404
14049
14237
1268
16682
10226
11538
3877
5830
11135
15264
4201
11435
5328
11772
14335
6444
2209
6071
4513
4707
16053
6987
2190
9156
14593
12999
7091
2477
6601
12498
15882
2554
16371
12587
8916
13235
328
11741
11461
2275
15031
7304
4079
14689
5966
12758
15254
8381
1472
7072
10516
3703
1851
6225
7782
2843
14530
14786
858
10582
11874
6033
16659
2581
14350
5295
189
15266
9804
3756
1780
2405
6041
623
12511
11307
4158
12868
16538
1896
15330
16487
2614
11730
14978
8937
1724
3413
5878
16394
3417
15493
4425
7228
5616
12137
1255
13197
1327
3405
9447
12889
11678
11654
7681
13032
3398
6923
7086
6246
3875
9883
11457
11268
1114
12087
15147
15380
8644
9179
16465
2375
9492
9714
142
334
8512
15855
11653
7663
161
3988
4458
12278
3621
11748
15976
16048
16037
9
5844
3786
2848
7154
197
338
11637
7295
267
505
5790
8931
15190
7458
14498
2903
6524
16175
13810
1347
735
6585
3536
3610
11551
12888
6193
13876
6910
681
6286
15583
1033
15158
6642
10556
5974
15900
16652
6431
16155
10989
9122
14365
7574
12633
2662
10202
8164
10695
7849
4920
7652
4481
15653
7260
6349
2048
9501
10990
11365
13438
404
15956
471
2636
8714
7151
9245
5271
1381
4912
12713
12931
6256
3719
2380
2615
7094
10454
3459
12881
5341
13621
3970
2071
6014
6500
11386
9341
7291
14157
9300
1115
11904
10671
15532
16589
3407
9983
11814
4699
8822
2181
12987
16057
11801
6858
10720
3446
12491
8786
13027
7772
2586
15766
14801
16521
16721
2202
10206
13837
12747
2052
2567
1177
2129
12789
12950
11092
1961
12945
4506
7998
9730
9939
14060
6659
8826
16541
13607
8639
12180
15269
6651
2951
8860
11437
9403
6674
12998
16326
4526
13287
5503
13071
5955
1355
4137
1848
5019
1997
11021
6593
7202
14425
5702
1104
10006
10093
13640
3947
3424
14831
8214
11121
10462
6721
16148
5742
5599
9259
5628
843
10838
6621
5454
4181
241
13734
3626
14932
6750
9497
10168
8167
5810
16551
622
8114
15008
2193
302
10487
14754
6209
9185
3035
7910
14110
14579
8096
5461
10945
8375
4717
14513
15673
16443
3344
12194
6455
11455
4681
13377
9518
10439
7005
3675
4108
616
16039
15637
12050
196
5615
13448
4672
8248
10464
1957
3575
7695
1092
12709
12280
10214
10281
13436
14925
13258
16217
15172
8857
12285
8028
9031
15543
5055
14915
15446
1927
9430
7519
3316
6393
10389
14208
928
11785
12650
359
1386
13727
7385
10624
14574
1631
8791
10247
2016
10936
3070
1369
11908
13121
14710
7050
5670
9278
11528
13150
2842
15602
7650
154
12272
8840
6829
13437
6381
2563
14845
15619
11053
11552
12387
7393
9321
16086
10930
3724
11361
7602
9593
1815
8301
6878
8765
12133
6953
14149
16295
4730
4535
5848
15412
4604
7509
14414
10166
903
5427
2001
7947
7472
5459
5168
11233
6187
7236
11277
12204
7068
9816
3878
10502
12283
15277
4427
4639
4966
441
2192
10249
9194
13051
14657
13490
6794
4381
15259
4831
11324
4927
8457
13794
6843
11049
16203
3122
6882
198
13194
9166
15770
11094
11808
13317
6863
3653
501
7440
2440
5466
10032
456
13060
8089
12962
2094
14473
5232
14210
3493
5101
12384
117
13952
5875
4554
7933
828
10900
5285
16369
9029
11451
11548
7334
13679
472
9817
9795
10356
10244
12038
1465
11521
12766
8465
15527
9768
9311
1148
7864
907
6918
2419
15926
7879
7386
4669
9253
2188
2635
12742
2590
5772
7040
1591
15001
12311
16703
4571
14221
5748
8975
390
15070
13523
9370
11881
15216
3471
12100
4080
3365
8412
12973
9240
8134
13774
14927
13866
10230
5871
1417
10284
7035
1199
10796
8360
7121
8311
4572
13746
7163
16179
7207
8950
8383
2306
8730
2168
10718
12242
6323
12942
16292
11807
16715
2579
7842
257
2790
12790
15504
4542
14653
11005
15088
6012
88
10455
11576
11825
11951
12671
11003
10100
15717
16360
12196
15620
8704
1471
14662
13704
8561
4405
11334
1323
3248
5107
6926
11239
16620
4516
4109
2946
2336
3265
9536
13728
5176
7258
13525
605
14776
7378
9058
6995
2877
2292
15414
9299
2845
12817
3272
31
15918
3273
2819
15986
12193
14719
433
8589
7426
9844
661
6199
6540
1893
13157
5391
6755
9128
5729
13012
2233
3849
8100
7006
16166
538
11973
6114
14089
6598
3349
10988
11620
12212
12957
6113
10069
1860
12024
15041
7803
4532
12619
14303
10611
12521
15908
14452
10079
2770
2758
10530
10721
3109
67
10626
2415
13272
16141
1714
15580
6363
10508
15757
1608
11124
11862
12001
16510
4728
10289
8155
15304
10021
15745
16225
10278
12044
13908
6834
6907
1341
8309
8108
10279
6265
5090
10553
13045
10416
16112
9019
6065
6717
717
12174
4801
6851
3935
14219
14948
9343
14952
5099
16300
4046
1711
10601
4677
7668
4073
4342
7869
6894
16350
2786
13083
15399
12683
10467
13064
13011
13986
5129
11009
14063
10702
14796
6997
14001
14677
9827
11024
11456
5423
13254
442
533
1436
8792
11122
16272
9340
460
6212
56
2159
14897
5782
11849
2852
9976
5867
14298
15033
3498
1619
9582
3445
12301
4968
8084
16054
6039
13420
7645
7210
1179
10314
7201
682
1470
10891
2228
12805
7862
8700
8421
10324
13191
6658
2014
10260
11397
12099
1548
7774
12002
16286
607
7593
12577
15593
5412
6129
9188
8808
13920
15936
4358
5681
4323
6110
10699
293
15337
13164
695
1221
11922
9965
6769
16534
2123
10190
4881
11907
2117
6538
12092
9061
5831
15219
9586
1475
2169
3299
1467
15367
16118
10224
12500
4858
7557
10380
15488
2520
10366
13085
11197
3522
12935
307
5981
16542
15233
11037
7565
2465
7564
12416
6296
3763
2412
11198
1602
14165
7268
289
3124
6532
1402
1433
14985
1
7079
8323
978
8718
7872
7011
12824
1946
10649
5338
5464
7065
10335
3751
13729
531
15023
2523
12182
1260
4531
8794
5035
14618
10165
5709
2325
3068
16517
9199
13306
15970
13094
3866
4176
13483
8902
14108
16707
14843
5775
2203
2310
11763
15321
11523
9541
6954
12795
2399
4559
219
9189
13214
16195
7367
1108
8308
542
6391
14804
14842
12581
10298
13572
1952
7648
8710
7721
1786
2279
11132
7793
10835
15105
575
16062
6735
929
10818
4042
12501
9519
8741
12256
2478
11663
8707
6513
889
9874
13831
4398
6807
10191
8887
8229
11823
94
6774
13780
14115
8070
7107
1490
3667
4610
13809
1707
11452
3711
3369
10342
3011
7754
4352
6968
3341
1110
13961
5483
2381
2649
14765
4888
12949
1180
8606
13072
4818
1507
427
740
14405
5545
7176
7594
14027
2984
2373
3375
7711
213
7283
16299
14938
4597
13493
9948
370
5155
10915
11204
14387
12455
6137
15169
7089
10859
4117
12970
13910
6351
14379
12621
15726
16464
16574
6871
9371
14235
528
11258
4471
11539
10726
5936
9125
10365
8675
9777
16629
12724
14664
4829
8805
11411
9636
11356
2860
12012
13693
16702
1000
12214
13017
9069
16200
10229
6235
5740
10375
15661
4964
16181
13848
15013
578
11940
5241
462
12452
15979
7590
7237
16522
109
11555
16705
11658
1933
4298
3126
6171
9369
6814
13042
15464
5034
15434
13888
5337
11281
131
2221
12994
8355
5947
5602
7768
9329
4233
8397
8820
9045
5805
14619
6560
13184
4795
15394
6604
10043
5294
10510
12251
5506
10236
6083
5319
2882
3861
13669
11526
5928
16261
4230
8121
10771
10604
11641
6491
14940
10804
11593
14882
3641
9134
12673
2741
11726
4284
13331
7543
3655
15162
7688
10104
12034
11509
3739
16537
3852
10429
721
2116
2986
566
9106
8568
3618
11915
8174
12060
7726
12885
15921
4742
8291
10248
8939
2656
11870
14020
1592
8574
13849
14236
4199
14846
16484
11847
12771
16433
10564
9241
10277
62
15437
14914
13552
3808
3089
9338
8476
11864
13339
12417
16646
5563
6602
14192
2055
10928
2533
9951
5988
11971
9244
2247
4135
11109
13398
10084
7851
9302
9471
11010
2812
16666
4009
12271
7832
13644
12057
9283
6054
1637
11409
13927
11612
7357
13479
14341
4185
524
9469
3020
218
9209
5104
9648
4017
7636
2180
6650
16254
8264
13708
7095
12826
13187
5221
13102
15762
12600
5415
13269
4278
13882
8560
2691
14222
16603
6432
12728
4651
9443
2932
6827
2945
4545
10911
13387
3000
16526
10313
13208
7649
8432
6261
6458
13035
13588
7045
13860
4636
589
16679
13579
8333
4529
2712
11927
13389
4547
16491
9630
352
10877
8522
1398
3174
9651
1768
5401
2482
8836
4334
1482
3506
11314
7200
15030
8294
12149
14432
7789
11449
4354
487
9317
12328
13626
831
8554
6280
12109
7988
11422
16544
15516
7556
1993
10717
9326
8088
3396
1939
2176
14141
2342
3761
3313
6306
1088
11265
14340
3701
12918
10676
667
3504
9788
2553
2608
1732
9165
2923
4300
14368
8451
3908
452
14759
15348
2267
1250
7398
3387
14910
2404
1934
12934
9046
7137
13250
6017
4139
2214
8752
7973
1978
11544
12084
13515
12041
8073
13326
4698
9182
15309
5017
11120
15985
8263
10009
11129
12064
13453
4643
16562
1183
7034
11051
6365
7010
4859
14747
9680
11023
1541
5134
10963
8585
14277
9250
6215
13266
16302
7903
3872
14015
2518
731
869
8780
7713
1673
4307
7950
14398
5440
8845
14287
6539
6008
9001
397
15443
11047
16684
15850
480
10131
12337
4813
1297
1596
3635
6283
12076
428
12558
14797
15638
5398
4891
8076
11190
261
14374
13796
13491
6390
11298
4856
4546
10476
6053
12456
11978
12590
5485
12045
5218
7969
7204
11375
13592
4640
4945
9654
15988
3512
1258
3801
11288
5536
10463
2158
9605
10821
11865
2348
14812
14891
383
11492
15924
4107
4267
14979
16434
509
4371
4909
9977
3099
4703
11073
9307
281
12732
10858
8750
14879
766
7269
6322
14281
1788
1572
7159
10686
10885
10696
2371
4786
15498
15829
1118
4793
5205
13485
231
1943
6509
15912
7298
16479
12206
13299
5092
772
15007
6853
12796
11841
4128
4252
8322
1837
5441
2680
3339
1418
9907
2701
5683
15484
14818
12447
14311
15103
3630
5530
15080
4992
13411
6607
7759
12022
914
9734
11533
10441
12880
6482
6345
1843
10528
5938
375
1970
237
3741
16694
3600
5397
13318
15352
16315
8587
13556
3517
4934
11769
4592
12983
8223
5191
11261
1286
14725
12006
12978
8075
10783
6728
8746
7381
14819
15226
6975
14844
4658
1318
10120
16194
2707
2140
14033
14038
4590
15246
6196
15779
5567
15974
4928
6872
7929
9062
3735
14429
1200
10861
10627
11665
16643
888
14905
3561
8869
14904
2063
2560
6586
4451
11472
15357
13879
14054
2494
6973
16075
1743
2552
16473
14044
5505
9836
6588
3546
5353
1130
12164
13990
11090
254
9372
425
12568
935
7718
1550
13518
14111
10374
3588
8910
12227
431
15613
7339
3643
9297
6826
2640
14538
9459
14126
12400
16556
8846
6685
3899
9085
15987
1103
7902
13748
7229
12293
7653
9092
476
9486
10210
16357
9993
1861
13089
14609
1194
11580
12584
9511
783
1334
12672
2091
12925
7319
10538
3343
16372
16458
14570
12710
7265
14514
5529
9850
2987
15374
1101
6708
7670
11670
1065
1476
3932
10318
11790
9722
11643
15972
11427
5983
10436
16214
968
10724
5325
15667
11853
8549
16576
853
14506
4328
12792
12010
12835
808
14873
5145
792
11789
8216
9361
13456
3480
14042
11322
5642
10475
6325
14217
5311
5970
11086
5458
8405
15857
1516
8967
13328
15452
15028
2902
16462
95
160
546
11103
13893
1968
6534
8926
756
16527
8670
2230
13537
14313
1277
13099
13477
16151
2641
3747
4947
13142
7743
3139
3850
11639
10897
496
8510
9337
15020
13736
7580
6447
14848
14088
11372
4224
11630
15267
13600
625
10665
8578
12075
16463
6716
6946
11391
7569
5100
5305
6210
12818
6956
5346
10421
11625
9936
1563
13334
13201
16388
13135
11074
14361
10844
361
14010
6134
3695
10386
13118
7299
14500
9226
14371
9833
9884
1028
2595
13115
2481
16381
9327
8941
10425
10505
4383
14342
11955
419
15188
7952
16455
11138
7853
790
2861
15411
13771
12629
4463
13832
4809
6159
14483
9358
4629
4630
5824
410
1598
4275
14171
9991
7047
1750
12274
2745
8933
12209
4971
7428
13366
15865
10751
819
2338
5199
10814
4339
16520
3716
6657
16390
7194
10597
11623
10899
4172
15647
8626
7479
14588
16125
15175
1956
669
9146
11949
1153
11609
7939
8298
8903
10081
7059
3542
14102
1390
15117
1754
11448
1985
2195
2489
11725
186
10504
2752
11651
1163
10993
15734
16262
10431
14580
2974
9463
8099
16067
2525
8170
15375
5646
6441
4429
12651
13873
1453
15644
7058
12812
5986
11078
4596
4449
1146
8487
16283
12526
537
15503
3315
9434
4830
7009
12843
4265
13382
4149
1720
16493
290
8981
12686
15949
5296
16476
3603
1415
9368
11883
13883
951
5589
8024
12704
541
13868
16038
9490
3381
14721
11483
8254
13743
2911
9083
9258
10073
13711
16571
4825
12477
6414
2069
6576
3804
14795
15125
4840
10845
1021
9142
4455
14021
787
5853
15798
675
9466
3550
14182
6891
2678
4166
559
895
13397
5967
12997
5706
8459
8080
8502
6107
2046
388
16346
14018
14433
11508
10148
5552
11718
5020
5522
6285
13106
8971
5299
7321
495
1765
10039
7430
3290
7827
5367
10994
15632
432
12168
4739
3117
11779
2174
5780
13856
15859
1583
14623
10811
6264
1535
10471
12158
11270
8633
2972
7167
8788
12765
9756
3347
11777
4002
4063
8913
5407
7302
15884
3348
7039
2321
833
11743
4215
4749
13018
7548
1877
14946
10444
13604
9732
13636
1662
9100
1154
9757
14599
15506
5198
8509
645
9433
10022
8466
9413
12748
251
4466
3179
15091
4676
7341
4900
9298
3993
9205
4568
4737
7985
11043
10958
16494
7817
3539
12924
12696
1581
3183
15398
8372
1775
13797
15076
2756
9419
6412
14625
12157
823
7905
10152
8516
5755
1723
11274
7369
3829
5741
10495
5786
4467
2340
444
9500
12120
14161
16153
63
11470
2524
3859
5368
1562
4064
1855
13455
14991
16356
2991
1455
6520
5467
14690
10293
8558
16275
8828
10219
2421
14496
12119
15123
12156
12788
12428
7549
7736
16026
3114
4736
1616
2627
11349
10119
9890
12861
4313
5568
209
3757
2107
16626
11899
3837
789
4350
5814
4563
15586
13390
2514
5088
9563
9854
3346
12306
11038
982
9604
2905
12798
1409
13143
10826
7473
11731
7124
11828
2213
13625
7131
12731
3959
715
16271
638
14212
16206
14419
2787
12185
12803
132
13474
14772
15497
4921
16566
1587
5096
4061
14070
13161
13615
3224
4197
11959
14122
12459
945
6723
181
9224
8896
736
8198
6783
10662
8305
9111
11185
10920
11153
1567
6747
3555
8166
3401
9060
1120
2753
5962
2153
7855
13666
11292
217
13155
15489
9719
12016
3613
10204
3738
1271
13801
13298
16210
3909
10291
8187
16363
5080
13062
13129
8972
355
5724
16438
1651
656
5039
16157
868
15520
13540
15496
3697
856
1435
13220
13340
15741
16623
8616
14921
14774
7209
4355
15055
12893
7818
14153
1702
1667
4690
8814
16260
2776
12418
4951
13443
6856
1276
13517
16380
9216
1185
15101
9610
5631
4039
13462
6531
15925
1632
2727
16343
7880
2183
13084
14372
15009
4872
9457
220
8221
7944
11901
13
504
718
2692
5829
6282
9664
2768
11278
11484
15622
9526
6133
2795
12478
12026
15124
16013
2725
11066
11535
13103
8998
7324
3794
13633
9550
10109
6698
2223
13732
15827
10820
4161
1672
11041
9071
3308
12284
16081
5369
6519
6473
15686
5921
2041
12159
264
12262
6067
15901
3181
11694
5701
12188
7977
12178
4994
10903
9309
13877
8464
4537
15521
16558
963
12268
12433
9597
9025
15081
7197
15086
8437
10822
14829
16664
11376
8082
8433
14481
15618
14987
386
6457
5085
2801
11709
13549
11747
15758
12339
3022
15232
857
15889
13383
9420
9968
15083
14572
7618
11076
4570
12199
12207
15191
10535
14259
6305
12603
7374
5609
5340
5079
294
9473
2229
8247
2821
1492
1986
1174
11228
6185
1849
6320
7023
12823
8430
14790
2434
8655
8671
7698
11302
9175
7758
12155
15241
14381
14696
7208
2151
3336
11141
8534
12240
7322
3284
14614
5992
13738
10092
14051
7844
13211
6038
14282
16071
13350
14467
15424
1894
10295
15079
2461
11677
8876
7501
1498
11686
1411
14431
8553
14307
10437
5208
7463
14140
4507
3059
4237
15256
9345
3594
5
15276
14960
10254
11517
15153
9681
15801
13981
10744
11776
16393
587
11164
3931
4441
15737
4435
7239
8111
6382
14767
15026
15600
15648
10591
16460
11187
14029
4170
12553
15581
3026
11582
12555
7966
5091
7481
9600
2384
4991
526
7742
14360
1254
1432
14245
7067
2594
15821
1545
8657
11410
1298
1585
11829
7038
14363
1121
8285
2418
3047
16101
1627
12173
14393
11374
10400
15556
6639
6637
4331
7533
6100
7901
10453
4720
13407
2886
1833
9706
15659
906
13430
13823
8382
26
11381
3547
13550
2557
8726
4569
7144
1107
15194
16144
6571
1029
12009
4085
7997
4625
4148
4751
7103
255
2207
9136
876
683
9738
29
1374
2682
14705
1289
9210
15822
4131
897
10287
16007
8448
2244
6063
9094
3271
9896
2032
3992
10735
4600
8104
4940
9458
15574
1751
4024
13845
2582
14264
15964
1794
1866
12551
2774
469
16253
14644
14811
13690
4987
1899
12395
10594
6317
9910
4114
8273
924
6782
12589
14324
12819
9793
10088
13292
4395
4498
2500
7400
5342
6156
10589
8757
12975
10854
7945
13671
15481
1544
12503
403
8817
1977
1902
3523
12443
9676
4580
14743
8563
1049
3966
6819
2217
14434
6372
2315
7175
9042
14301
1305
1296
8415
15310
612
11013
2257
7535
15
8249
14893
4067
14586
14778
4175
7724
653
16124
11656
4412
6443
13817
4397
1223
13514
15591
6259
6438
16088
3141
3726
14384
6581
14740
10853
3742
12618
6512
14567
10139
12866
13598
1826
7342
5754
14551
14737
1151
283
7252
15771
11300
11868
6940
14190
12033
10916
12162
9012
6165
9015
7187
2846
13675
5292
1371
12596
10499
6805
14203
14808
11992
2677
7388
13596
2943
8706
3436
1187
9545
10316
12233
5133
11507
2136
15354
4443
12510
5317
2748
15186
335
4434
11159
3656
15408
1044
15627
14448
13587
9867
5877
8142
12878
14056
11061
15433
5559
10387
7990
15223
13313
1964
6687
13784
2940
7885
7623
11252
13569
14693
9835
15833
1407
4741
6502
8976
11869
12774
4955
200
8490
304
2393
12741
8552
2143
12111
13195
14269
6841
10753
2148
12454
4351
4708
11154
5999
14385
15132
5042
15551
1812
15155
16158
2061
5944
6132
4759
8994
10465
10549
2256
10056
3789
13233
7259
16492
16550
2081
7449
9560
13384
15364
7638
39
3767
15870
15066
15751
6645
2029
5523
12781
8995
2491
1036
10239
12943
6609
11315
2003
11882
12093
13520
14608
15064
9831
12506
8663
54
16591
1888
9691
11842
9324
8131
16017
9634
9702
2576
13614
1863
9744
4446
1030
6572
12574
2827
1958
4465
1787
5381
3570
4821
7000
8019
6181
6021
13260
10388
9608
7305
16208
5546
10775
11178
4007
6233
13603
7508
7104
15800
15113
7882
822
13392
1923
9635
5033
6476
11519
10317
15048
4796
5513
6294
9348
14375
14913
4349
4119
7834
15286
15373
16382
13653
2398
14104
11205
7923
8907
11487
15541
5361
747
12905
10962
1809
221
5060
5751
9048
11379
3118
4980
7732
15420
5230
5069
6958
10251
2980
4827
8351
9124
11485
346
11911
4520
16501
11130
6238
10046
16016
4287
811
7363
11108
13321
9284
10635
7092
12130
16596
9990
13993
6820
14332
14380
2976
4582
4111
2065
4949
6731
11810
1749
12887
7577
5157
10914
11589
12697
1178
12744
10577
494
7627
4411
13315
5601
12406
4062
7579
1876
2966
11851
6595
8702
15542
9656
10947
5727
10237
13408
14403
4967
2485
4110
5933
9687
1190
5806
8042
3254
15716
14509
15089
6880
1518
9739
9803
4098
6152
6749
9256
2899
6301
2878
14565
6013
10760
3311
5076
7174
3042
6479
1099
5052
9161
6806
4406
14186
1037
5403
4023
11930
7180
9621
673
2142
7537
2917
10332
4855
11254
15761
4686
3997
15046
11173
4748
7770
15102
5054
15130
15522
5621
14468
16606
1111
2211
16378
6603
11667
10027
14175
16250
7550
4453
13649
15621
5514
4706
8934
7323
12467
13131
15329
14561
4524
5663
11757
13721
12995
1203
16190
4074
2194
615
7598
11503
15555
3239
5614
12875
13050
15100
6002
12282
9312
5984
11986
15712
9027
9109
13624
5389
4889
8441
6740
8911
7353
8841
6130
16219
8686
12335
14683
16653
5138
1719
5229
6269
9988
13564
5257
5973
10195
11230
13356
4879
1081
3730
6220
7020
8317
2794
8980
14788
4326
11536
4367
440
15203
353
4584
6694
163
752
47
5355
8722
10297
1565
11572
5116
7116
7356
10136
10888
2227
9257
2949
295
7467
10461
16010
3900
16373
8576
15494
11048
10123
4816
10145
11347
8619
6845
15392
15658
4229
1372
2462
2625
12042
11608
1324
6411
2891
6426
12936
12410
9871
1410
5227
8107
10978
16182
5282
12701
114
14489
2638
15486
15128
16213
15282
5667
3017
1344
9170
6556
12640
14515
1810
4963
6463
3484
8625
2354
10767
8241
1531
15261
6376
12047
10778
2250
693
13021
14760
739
8021
8819
15817
3540
6406
8713
13090
14458
16530
7262
5964
2345
4143
9534
11001
14005
4735
10557
13227
8252
12255
9870
6691
12892
14929
12422
15034
15768
15909
13209
16216
16451
14809
3074
15287
3207
8915
6622
7828
2015
2534
12707
901
6149
5922
9847
13179
13747
8665
5348
10029
3132
4281
3006
10829
9699
11089
8815
9040
6766
2734
9354
8868
15163
6000
7667
15069
2684
14134
16320
16548
10929
2299
7049
13751
10137
10285
10567
12721
9035
7500
746
9033
14629
5148
6662
1243
15851
13597
14827
4792
9362
12687
12370
10837
12700
3266
12967
1015
13374
12966
7625
12179
13792
16202
5908
3216
7371
4514
3128
7731
8054
1870
3294
4557
8183
10919
16220
4549
13170
4373
16675
1511
16441
703
7471
2602
4697
3191
35
11151
3769
9964
7325
5555
1634
9878
10890
7148
14156
13289
2134
2547
16258
10968
11764
12019
16412
12855
5915
7149
11123
1098
3873
11771
15809
5240
7248
9881
9760
5718
921
8359
5787
7496
2074
9428
4779
4860
1025
12238
11353
10334
15969
4211
10085
14864
8590
10794
6478
3243
8120
9052
16180
2566
5960
9524
14071
13935
4392
1085
10633
13082
8865
13687
8969
11101
11390
2013
1039
5538
720
8439
8695
12037
7532
5914
3429
6777
7664
3684
5385
12974
3380
16367
6104
1189
11339
12737
13742
8796
8770
10872
15273
10258
8113
15474
13199
4262
4857
606
750
2519
11574
5452
6791
16230
12198
1628
1965
6945
7816
9754
2037
1692
11681
6043
1008
3025
206
13815
14011
5647
4996
16266
7102
7778
6656
8032
3209
1041
6638
5437
14720
7327
3247
12862
4210
15301
7702
14828
6736
7787
539
2992
1525
6404
16064
16699
13779
11767
3255
13308
11967
1515
6702
12437
13803
4151
13354
864
12845
14717
4943
6461
16110
5434
3525
10315
13830
9053
6357
8332
9567
2355
2370
4870
14399
16474
9266
1534
9367
3448
16415
8365
574
2888
7213
14973
15881
7017
14413
10266
14167
10693
5184
9956
4714
68
7986
1419
8594
2497
12148
8920
5958
7376
15142
9055
7814
6738
6813
4588
11689
12745
14124
3360
5943
1995
1868
6835
3887
1246
8667
5190
5323
12576
13468
14216
15462
16488
4431
5128
7330
1582
5371
13497
9407
3262
10005
4959
13486
4409
5023
102
6439
8119
8689
12807
1332
6842
2978
9399
6308
4191
5942
8339
13092
1937
2385
1336
2454
9102
5693
13139
2726
7920
4380
8957
8637
12160
3412
2950
12139
3187
3464
14781
8440
13955
15922
16163
8420
499
5010
1100
10980
5710
16481
15507
11611
13902
3940
3076
10694
12230
4962
14613
12276
6558
8672
1795
6481
7326
16697
3457
14410
9286
12540
1624
2156
14822
7364
4607
10622
15995
7478
5843
9493
11890
11929
13885
6266
3768
14793
9522
1270
8486
5111
6682
16432
4032
15724
2118
15192
7409
642
11317
820
1509
16579
8944
5715
4603
14055
549
12502
8281
4802
12258
1045
11878
9733
959
534
14209
15672
15810
8682
2585
9313
9798
10
5162
14390
16573
4871
6547
8201
14917
7027
13200
4403
4357
4701
13678
2659
14861
7585
9195
10327
4910
660
5885
5776
7129
1295
53
4374
4551
9229
10250
12040
15379
2977
6157
6028
5758
8325
9453
12367
2471
10566
15160
9749
8191
10656
6964
8756
1072
10791
547
15697
1248
2075
14824
16160
16690
10981
13495
14085
1901
927
10159
15197
7397
10325
6120
12572
9764
6200
13968
4270
5233
16507
4614
12186
16719
16021
5586
6329
9674
7712
8035
5178
15183
7502
3869
10172
3585
13464
7523
8948
12624
3964
13049
2695
5195
2218
2829
6278
4094
16224
9919
3182
5013
11514
13196
5424
11543
8596
563
12128
1442
1116
2341
15769
3914
5956
6342
8059
15208
7517
15848
15112
5793
16404
16456
3936
12751
8529
5662
13545
13791
6925
3528
1895
9573
13534
9394
12836
757
9393
10595
3881
9917
2505
1741
7267
12539
14424
8304
1182
2122
10949
12229
2704
16073
9638
13245
11434
10593
10396
3840
12201
8719
1982
16546
11486
15590
8597
1960
15760
8231
5735
4723
13661
8533
7734
13405
1871
11080
9221
7128
9928
14232
13538
14329
5865
4113
14207
146
36
1655
3515
758
15205
16624
7980
14733
9618
13342
14215
7354
5210
4585
9537
2167
5812
7639
6909
7093
2851
3221
5946
7567
10870
9637
16677
9645
4819
14471
8168
10706
4004
5840
10378
8368
15660
13338
1687
8885
11532
5588
10865
13173
10196
13291
11950
14930
4058
9479
13547
6011
8989
11
1469
16403
15738
513
13509
12378
14133
13068
9672
10683
13432
2855
10041
10824
1792
5366
988
3545
2043
6091
1106
7874
1340
10952
6505
1551
5594
9507
3657
14850
15916
15684
7505
1138
6561
1705
9318
15550
7737
8906
10997
13846
9212
14981
6733
6947
8189
5004
13314
5931
10736
16193
3379
8838
11679
11941
15166
6465
840
16238
1536
9763
1429
8493
14312
15051
3100
2487
13665
4593
13529
4894
282
5692
11331
9222
15832
174
12261
9802
5482
934
11316
12175
13016
11096
16660
8162
8949
2676
15328
5524
1477
14594
1976
3916
8997
8627
10169
8128
9263
71
14200
15563
2383
1459
2463
4076
5959
4089
9149
12652
6591
9585
13487
8087
15368
416
3543
13243
15818
5551
3478
7727
15609
2609
414
7146
15704
15753
8733
1337
5489
16009
2006
4693
12769
12548
6590
12249
12750
719
4072
1235
1872
6467
10571
10162
10658
13854
6082
5387
8181
11162
7676
13977
6636
8679
6270
9478
7491
9344
11337
5234
15015
1002
6570
12122
1684
7704
5813
9119
9030
285
5918
1328
3704
8064
13855
11444
15781
16049
10235
13973
15087
6088
16306
5512
9751
6304
5761
3518
15849
14941
10701
10729
8928
12582
14328
119
9998
12844
3754
4907
10776
1884
11210
14687
2658
6892
13950
14181
725
1770
3489
10423
11127
2359
103
5961
176
5172
1789
1160
2916
11466
13148
2811
1280
12740
6592
3654
14982
2239
4234
4752
7307
11843
13303
7480
14560
12482
8015
16564
1645
2813
5695
14013
20
16713
6459
9242
13174
16248
10448
14852
5409
5682
1263
7281
7380
11099
8875
3969
2521
2924
10944
11225
3082
13740
6938
1829
13039
15318
9067
7875
11327
2898
15595
11942
1988
3705
7147
10774
8417
3285
14455
3554
7179
13406
14454
15529
13273
12290
922
2920
3418
13185
3718
15929
16231
7634
3945
16072
3454
861
7573
8507
2452
5082
2111
13672
10409
13988
5721
16498
4266
14977
5801
9180
4719
12895
14522
4611
8546
2166
6371
4363
15306
14006
5143
1430
10493
14889
14058
5779
4220
13526
12534
8747
11717
5857
13662
8897
16335
3744
13451
1424
453
12372
3564
9238
14678
8901
10359
2749
230
5833
12260
2294
9121
15831
1945
5300
9727
2867
14137
16578
287
2335
4642
10839
8515
770
15548
7320
12520
15078
11599
7161
8434
8721
2985
9750
8175
7788
9334
15943
1129
10045
11860
14249
14762
11916
11014
1408
13316
865
16708
9885
14407
1009
10028
16023
4163
15343
11414
11039
7917
14136
4508
5851
2395
5167
2532
13871
8668
14050
3466
11450
6142
3394
14272
1252
9140
686
3510
545
7815
12332
13984
8274
3198
11958
1670
9539
9995
7286
12091
9275
14926
208
16245
13500
15438
11987
12031
13371
2964
10497
9203
9388
1643
1955
16255
7729
596
11673
4132
712
14449
11428
10739
6840
15923
5309
3080
2364
13589
12153
1206
12085
8340
6079
5278
1005
13783
8999
9566
10843
7907
15335
7056
12753
16098
8478
8789
13709
8444
2868
10311
5526
12958
4070
11156
7114
4939
13404
10156
4804
10105
2871
15317
5504
4127
16720
8193
2387
12215
13204
15505
4505
13309
7983
3492
6040
1887
6281
2246
2453
1646
10143
11751
7884
5312
3605
2334
13581
12294
13447
2577
11182
15906
3013
4130
5913
696
709
6343
15491
13557
16499
445
12655
13936
3717
7612
4457
14016
12184
12300
13960
2284
15610
140
9785
2304
2175
883
16246
10941
3392
8945
11296
10217
6555
7512
5744
1007
3177
3193
343
12152
6188
4729
2464
11972
1421
4066
6564
16512
15099
6095
9116
14686
14751
13159
521
16533
1688
11999
7531
12210
187
8449
248
11695
2513
13441
8390
1086
6232
4333
6495
15014
11328
6487
6332
6493
3204
10925
2293
5544
12569
8818
11830
7215
6307
8871
11028
4475
4168
9364
5211
4606
16448
859
10805
4659
7592
13905
7881
13558
1388
227
6706
15664
920
10668
11370
16028
1362
13555
12340
2919
6050
1678
7256
16354
10390
11027
16138
14261
15861
4227
12828
4931
10777
11732
10414
3782
6754
13020
5089
13146
7655
6145
10372
15284
1279
5576
9679
4055
1273
2937
9740
7546
15339
9359
10307
12968
13909
11229
6649
9301
12072
13697
5026
12815
5041
1679
13813
16420
10681
3374
1094
13630
13997
14127
14713
15032
3212
10580
8318
3896
13638
5000
1141
10650
14395
6319
647
5064
2551
8470
5016
13460
9626
5726
15140
7889
3153
10534
12679
3378
105
16585
16426
7158
5565
13475
1900
8766
9595
3990
1383
6025
5358
7460
1827
14866
12008
4060
16649
3393
15720
9783
9898
15736
6118
15432
455
9860
11340
8523
8872
4654
7525
1825
10059
14466
16042
4552
14918
7401
6705
13833
4336
2285
13433
10618
6971
12138
11545
2499
12694
5652
6809
16311
7749
12578
13077
16710
10103
7186
6888
16714
11194
2023
12352
1119
13919
14518
12295
15791
16002
12906
13311
13305
11705
15735
2762
236
10639
5892
12685
4273
16011
1532
12842
4733
1524
6273
3328
7515
3228
16087
10472
4134
15413
9894
7599
13700
6998
1709
8743
7234
7516
15707
724
13213
11417
7168
16257
165
14654
3634
2942
13038
6548
4195
6726
9974
120
11399
16523
1549
7850
10188
1452
15482
10479
61
6552
9396
13699
14519
4410
5002
3142
5598
6131
1686
310
9970
6700
7674
2410
14327
449
2049
6737
2276
4541
1061
10898
3565
2957
7689
13257
16726
6994
4489
4806
14541
976
4515
13091
10940
4483
2929
2262
13002
12996
13681
3795
5905
3904
3485
8404
7008
6833
6614
11125
12976
15134
10144
13368
1155
12597
15319
9577
3111
13471
9770
3377
7503
13657
14091
3835
11044
12735
2392
7956
12941
15942
1911
1668
16539
4030
6930
2261
6330
4692
12486
8326
6905
11714
7417
3345
1299
6679
1192
13055
9381
16198
14443
2668
15052
6453
5665
1683
16647
6226
5746
7261
6099
12910
5624
986
16289
9234
14094
9314
6077
556
6703
10773
5738
3886
12480
1236
130
16411
12884
14971
14415
3779
14792
14544
5654
2196
13827
9378
6416
5767
3715
11921
8961
9736
3442
3972
6250
11598
14184
16414
10280
8396
11219
1917
5005
13770
15244
6450
15677
9794
8112
12346
4969
11111
2106
14906
14924
491
1449
8350
2495
14043
1950
12172
1915
6106
2782
8391
3661
5673
13826
1648
10050
12496
11937
4671
3650
12508
4997
12734
14590
4283
8230
3854
4183
8904
11000
16405
9838
9450
15285
13954
1658
10984
15641
8409
14472
10881
11045
13769
5698
10754
8393
12145
12804
6433
14223
7671
8103
3798
10544
473
8462
11595
6982
9789
8123
788
2132
5123
3330
4399
9435
10857
12344
13066
10373
12421
6102
14204
12646
6779
1075
3098
5620
5024
12004
4078
5246
14284
12329
5822
9663
3293
3351
100
3659
2165
10395
7609
15784
12048
12161
6584
13163
3960
708
318
5392
14968
4726
2617
12794
10432
12659
16229
946
1739
9761
11305
9197
2850
6409
7898
9237
990
13577
5186
3507
6868
6470
2374
2498
3700
12871
10514
9824
5469
7470
10831
374
5528
12767
10488
7825
15898
2012
5643