10299
330
2338
10202
1271
7202
1698
542
5132
5278
2098
7950
4526
7447
8466
9983
2507
3582
1034
1609
2124
6763
3064
9524
3559
5031
8205
9783
485
9896
8132
5911
2212
5395
6030
3297
2593
5007
1629
9667
5952
9674
9876
984
7029
8282
6003
68
1016
1775
9443
581
7258
9055
6607
8049
10052
2921
499
8295
6026
1541
10089
7214
4303
5831
9327
1735
4558
5011
863
2391
2160
6453
415
9029
3990
114
5127
5973
4565
9113
9473
8276
7430
171
6694
9721
6985
10193
651
3227
2784
6846
5044
4356
8901
7603
6194
6669
1885
4892
3208
793
5643
6787
1115
9592
955
7566
4518
9966
156
8528
3985
4666
5722
2137
3112
6808
7091
2804
3619
6586
5265
5533
7980
9408
10004
2157
5475
4269
8895
10289
7741
206
1805
5101
9005
6408
2525
1155
8470
7528
4980
6291
6650
6928
6090
6536
8893
1659
4985
5999
2614
5769
3894
9587
4590
9240
5246
9145
470
3072
6578
5871
3759
2887
1697
3847
4858
3101
9529
7061
9937
5746
266
7793
1493
1792
7228
1633
10094
10070
9461
3715
9669
1617
5079
2547
5017
10113
8488
86
2274
7320
2187
1719
8266
7240
6195
6237
4323
5013
8878
8324
6475
1019
6257
5352
5744
10349
8578
1870
5386
7054
3724
466
5650
5697
4624
488
7570
7355
1762
381
4290
355
9588
1835
7218
4033
6945
6829
8547
7907
7813
5339
9745
151
2089
974
1796
5209
4285
2797
4065
6967
3123
822
2999
9840
8359
3065
8972
8138
9419
9346
3991
125
5460
2594
9871
101
7140
9086
4839
4629
5510
9975
4860
3875
1878
6993
2917
4300
1419
6665
9496
2678
6869
3698
4228
5261
8139
9279
5877
3301
4598
3861
8914
1688
4491
2582
4109
8613
2890
4935
748
5469
9789
3534
7548
9256
4761
2424
654
3539
7071
7318
5168
1847
1175
3575
6852
9354
6010
4232
8089
10267
5441
2118
1343
5435
8633
10184
196
4530
7579
9090
5916
4402
5765
1812
413
4722
6590
5919
5431
9847
5184
10080
10090
4374
9450
7019
10055
1758
4708
7069
1826
7853
2265
7075
6698
6655
5507
6511
5405
5560
5513
3820
3248
9918
4695
1613
8072
1952
8472
1130
7523
4208
8333
4399
1333
8505
4608
6533
1035
8643
1661
3513
5257
9826
492
5787
660
1649
2795
6833
2368
215
4833
9657
8399
2907
6635
9185
668
2402
7205
9263
1684
3144
8416
8095
5200
5129
4825
10242
8813
2889
4559
4665
8448
9111
6011
1774
3026
2515
7898
2242
6622
1272
3658
9192
9791
915
3136
4947
1209
1756
2733
8108
6190
5886
9573
7263
3657
471
517
3797
2461
337
2309
7275
5880
8597
4253
7516
6393
4482
8242
5732
7281
7338
4841
950
586
8725
8391
564
5725
617
612
1084
5878
9933
2334
4392
6848
5287
9380
811
2114
6509
1912
6872
2329
3373
4607
6258
8567
6989
8183
1618
9885
7521
197
3124
804
6210
5517
2207
8529
7200
5982
1247
7560
7226
7346
6876
7863
3311
6451
1859
6493
6239
8856
6651
2217
6185
2455
2732
7677
2989
8196
7143
1389
5646
9317
8672
7893
3308
5387
6976
8386
2294
7797
4976
3620
6618
1643
6463
457
1319
6449
9391
4137
528
5760
5929
8636
82
1941
7109
4721
6495
10207
3203
2690
7290
1583
9653
4709
275
757
3714
7639
5986
6414
4055
2077
6528
1254
9908
8963
2270
2096
4852
5893
7393
2485
7778
3368
8569
3566
3361
6561
6903
5357
6436
5323
7568
8107
2736
6567
4615
9767
6914
4584
2534
6389
8526
5875
8874
7136
8936
6343
3103
4967
7611
412
2793
1339
1573
3497
2281
4497
8037
10025
2586
8146
1791
2147
7417
9752
1448
701
1955
8099
773
9655
2497
597
1937
8716
9878
1149
4113
2062
3685
7072
5548
8785
7837
411
479
6843
5315
883
1255
7153
7551
903
7294
1865
4198
5102
1894
2715
3691
1033
3488
1096
4863
4216
3540
4470
7127
4362
3645
47
10257
4826
3466
4900
2849
2951
5976
257
6484
6488
7034
9701
6844
8807
5736
8268
6881
6609
336
4838
8897
286
8111
7433
5412
4804
7821
6970
4429
8203
2182
1102
7609
7257
6091
2168
2924
1069
2936
6719
3396
8105
9347
5249
8044
9623
8546
5347
5434
4060
893
10136
4697
6957
102
3388
7812
8510
9041
3335
231
484
5145
10292
3014
5655
1242
8041
3346
3198
9286
8791
1991
5227
9923
1396
6614
614
10050
7236
6212
5121
8641
6972
2762
273
9340
2459
9133
7822
2787
5582
10014
6981
5991
992
1325
8642
7120
10119
5836
3544
1292
4164
4621
1470
9021
4636
2493
6535
5647
6327
3360
1677
9438
5967
2877
7016
3165
7575
2749
5782
925
9348
9713
8331
4312
1026
5012
2573
383
10336
866
1558
5790
743
994
6522
2266
948
1910
8792
5175
4344
7219
704
3095
3599
1195
1252
9584
4440
648
5791
5955
8009
9855
7784
4357
4822
1217
433
1286
5733
9757
2900
9779
4143
3167
7504
9283
1446
4206
6492
3871
5596
6530
2401
7567
7245
6347
9902
7718
4405
6134
8453
6131
5504
2512
7631
7989
3001
5930
9039
4599
2744
410
4614
3322
3814
10121
6368
1545
9949
8557
2966
6775
8280
6653
629
1733
1172
5902
4484
3866
233
7591
4983
7288
6689
708
3806
3331
8558
6052
4536
4997
988
9836
4179
3194
4471
4516
6582
3808
4628
5411
5485
2008
9732
2499
6642
7189
9064
5711
9617
7867
6049
3022
1678
1635
3348
7416
1471
7704
2954
5005
4638
7587
283
4157
8244
884
6163
2838
3289
5346
1141
10032
278
7698
5103
8436
2227
8116
4457
6223
675
9589
8078
2847
10097
1503
2363
8729
8982
9875
3168
2030
1351
3257
2832
5912
2957
4414
8241
2226
7273
8369
2434
3423
8920
6634
9837
655
6120
1352
10141
4829
1013
5366
7380
7396
3080
10322
4202
3720
5169
9228
1867
7871
1261
2012
458
945
6294
3803
2009
6296
2533
4616
2696
5593
9364
4218
7372
3736
2491
2156
9691
2375
6983
4328
7279
4082
6482
4853
1778
2602
8803
10208
4972
3403
3474
1219
3569
2467
982
2066
2396
4945
4080
5327
4020
9982
5144
5083
1282
4564
2557
7209
5559
5908
2870
1759
7286
6380
8631
7093
8836
8858
5719
6851
6998
9026
1845
5523
6455
5329
8737
4024
1783
1523
3075
6178
1432
8673
1092
4227
469
5538
3406
9867
1817
6167
2235
1163
6235
10328
1816
8064
3117
1275
1528
552
8260
3812
109
960
3166
438
8179
5794
6951
4114
9068
3439
10041
7047
5763
3967
187
9866
8227
1700
2510
9243
2195
8497
9899
7970
703
1702
5390
2687
2709
1551
4911
8976
7934
4782
3862
3925
3214
7201
4465
2374
8007
7855
4026
2116
1815
3729
3860
5309
2141
1150
7642
8456
6043
437
4237
8117
9528
1071
10330
188
8615
9502
4631
4959
1839
9542
7111
7890
8368
4191
10228
2132
9412
2813
1806
7760
5923
961
2536
700
5569
6215
6868
7782
4874
5270
1148
8160
7176
3625
9636
1981
5906
4090
9385
8315
2995
9072
1144
7332
3757
216
9094
760
7742
4499
7756
8377
2888
821
4905
5800
4293
4034
8855
678
1156
3892
2639
4349
3859
825
855
2143
1212
1979
46
93
9904
8583
8174
7058
3238
5580
10358
7700
6038
3743
5817
4930
5687
7073
5070
4346
8175
1557
8045
1982
2897
4188
4948
1651
4720
4770
9172
10221
4830
2074
1106
6702
6153
3753
7630
7663
2730
6946
6666
6147
2750
6196
2862
9680
7598
8161
5827
4907
647
1421
4306
387
5191
4524
3092
6096
1737
8595
10086
7315
6307
5393
8247
137
2621
2163
2241
10307
3133
5859
9545
6717
18
4245
3557
1344
6445
7011
2858
4205
8805
4928
606
2454
1645
5910
7244
9504
8768
28
229
2057
3988
9824
7045
6160
2071
1079
6376
3669
2415
4789
1274
7429
7065
7884
6703
8829
8575
8883
4397
1838
4081
5738
4675
4144
9675
9790
2037
2950
9909
8339
1468
4492
9144
9678
824
9377
3171
8707
8216
9069
1454
1098
2042
2369
8069
2383
6658
6950
4376
9033
5808
3493
7178
6447
860
7251
8873
4073
9648
5963
6986
8495
6303
3153
1332
2993
9672
2065
838
10311
8025
5210
7951
5032
7922
8859
6016
905
4517
9173
10146
5494
5998
4165
3673
4441
99
1341
2414
4299
3981
167
5764
7495
6908
4221
9833
6208
6349
9048
4063
8898
3443
9724
5712
3661
662
9843
7344
5889
8773
1407
5462
8698
10099
3421
7033
6014
3637
4740
2712
7858
7962
4428
9037
5710
274
7906
2045
3343
247
6661
5641
1803
3651
8861
7489
3976
8479
6858
3824
8967
2058
2123
8327
8789
1258
3061
4373
1114
2564
5355
6048
9218
8040
10110
9456
5295
6029
1120
9344
9946
305
5488
6079
7168
8915
4766
9118
4923
8865
3278
2358
4694
9562
6285
1240
6593
1905
2162
7253
9772
1270
4915
2148
6023
6173
10173
5176
8770
179
7830
649
7150
7386
9351
2866
8639
4610
272
8065
710
1728
3635
7030
691
1132
2167
8500
2964
8627
6841
7684
317
9631
3329
4197
8142
8608
7491
1712
10215
100
1306
1771
5905
2291
7345
8660
5656
2169
746
854
1621
8093
4169
4810
3498
602
6375
7796
7220
1315
6345
3081
8221
6755
8925
2676
8035
4074
6497
530
450
8677
9844
9702
8441
9186
4127
807
5186
2311
5552
4763
9342
5799
4069
4489
1668
9320
2551
9314
1511
1690
9264
1794
60
43
8717
1021
9569
3435
3271
10206
6674
6312
9484
2067
3794
1168
6782
5895
1808
4581
10308
9
5949
3964
7053
9917
5454
1515
3929
4995
4134
8003
3602
1903
9233
5397
9341
4175
4386
8082
7723
5956
3870
4741
3454
3836
879
6112
5212
9002
5819
1438
8150
1482
2060
2805
4759
4961
5868
3773
3679
6995
7112
738
2944
10035
4099
7882
1243
10211
1384
1425
5825
8163
7164
4377
1497
4047
3854
311
2829
10244
934
8496
1385
9229
370
1223
4973
5022
2220
6811
9480
3371
8596
1032
6516
1038
4038
952
7408
5472
7944
423
7706
1846
3780
4059
4937
9854
790
302
6890
8083
9025
3655
5853
1211
4981
4663
7470
9431
4862
6541
5684
889
7413
9038
6742
8931
6505
5020
2263
5425
10203
2295
3093
483
7411
8273
3727
2572
9087
3304
3795
3930
3829
7724
8200
8061
2200
8970
2843
6461
7162
7371
1417
5927
5858
3711
6161
9169
4912
6407
4238
3277
10033
928
2354
1214
5187
3472
2301
4577
10335
7398
2647
803
3895
6271
7541
4347
7210
342
9600
10048
353
2800
6706
2562
3533
4297
7269
9557
4832
7377
2901
2144
4595
2385
1047
3725
3770
9101
1412
10043
123
4644
5984
1540
3800
8638
3440
4831
785
2609
3935
6262
3071
5112
3012
9288
3652
9458
6230
7010
8042
5718
2916
2166
1160
9770
9148
7862
1262
5073
1496
1370
5935
1058
7410
7271
1420
1457
8576
3350
3364
8928
8062
3163
10073
3010
10049
252
2576
4877
3833
875
1599
9774
2386
5089
9520
1111
3173
4479
1055
9053
6860
805
9331
1311
6588
8364
6138
8932
2477
4931
9984
9994
7301
2465
7522
7992
2873
7776
1224
1269
8192
8033
3250
2175
6321
6805
9056
1361
2552
37
7428
1985
5545
4506
7457
9302
6815
94
2583
3633
2919
10353
2891
2555
7478
9853
3607
5416
10060
9383
3025
9257
8533
3063
5466
1809
3013
7823
4737
4477
1222
7879
729
5685
1101
9401
6342
2440
6695
9845
9969
2398
9891
947
7027
8297
1414
10130
2473
3213
5730
9932
4589
5299
1382
4488
90
3269
5947
9102
7134
9445
1312
4200
664
4119
5811
10166
10224
7924
7964
784
3111
740
4728
4000
2956
6705
3638
8767
4988
8180
7249
6265
7035
2611
7671
619
2791
3102
6627
6290
3375
1519
5076
5000
6219
6471
2635
2298
4234
7817
5978
3077
6220
1331
3404
3116
10105
5045
10065
5467
5720
8121
1899
2108
687
9566
2624
1238
6849
6064
9945
1394
3663
4170
8801
5162
544
3068
4359
8612
2308
4483
1357
5058
5115
9583
9411
9176
3444
4035
9692
987
144
4982
4209
3023
5409
1124
4014
8979
424
10204
1123
4718
7769
1335
1520
2559
260
7681
8409
1338
5624
8294
941
8971
1119
1928
9388
3939
2503
10216
3763
6328
2451
6889
10144
1475
8664
7425
8724
2080
3562
4052
1125
10011
6790
6916
498
1946
2822
3878
8531
10064
7976
8271
4643
4255
7539
258
8258
8718
6692
5779
3429
3479
8872
9741
2665
7702
4199
5166
5407
7768
5614
8740
1692
1539
665
7363
1455
9160
4406
4061
5716
3328
1439
7789
5188
8110
6336
9720
8375
2079
2598
4320
6244
8188
3515
3221
10258
7662
443
6238
5236
4224
5620
6524
6280
5783
7260
4574
5065
10061
200
1740
1358
8259
8067
5556
1824
331
1731
4729
6396
5671
3219
7985
4994
6354
3748
3879
4372
207
1585
9820
7192
5603
9907
7182
2056
6130
8475
7382
6977
7888
212
5326
4989
9287
3089
10291
5977
1485
7333
10370
7166
4519
5830
6861
6729
6415
3968
4641
6880
8621
2280
7914
8525
2558
4775
908
8632
10280
1804
3579
8370
177
553
2633
3067
6041
9646
4337
3819
7509
4029
9278
2063
9014
2353
10182
8889
6383
10102
741
7482
1703
6242
7874
4850
2430
1135
4461
8302
682
5440
5773
6428
5546
7445
3694
4317
10214
7971
8732
7343
1742
1042
2249
9956
1451
9786
747
1662
1554
9660
2377
5512
926
8706
3525
7169
8459
2664
2788
7341
9442
8154
4460
2825
3320
6552
2360
1526
9237
2255
7731
7920
725
10030
6701
7125
474
7293
1383
10044
4908
1104
6121
8267
8880
4182
4130
1630
9549
10001
8461
6034
3306
5235
9595
6819
6840
3932
9226
9338
3034
6339
6172
6481
5605
128
2965
1463
8846
7194
3989
4902
10316
397
10192
5349
5495
3341
4193
3485
95
8094
3855
5574
628
817
3473
6047
5743
6685
5785
8762
2041
8723
8961
868
10227
8956
7327
10302
136
2662
9230
6875
4602
774
4809
1360
8140
1146
9482
9500
932
567
8162
2099
6991
7472
9629
1810
6675
5085
5138
1103
1768
6597
9065
8000
3108
5222
10101
5221
9403
9414
8954
916
674
6542
532
1818
1487
9748
5840
2625
6253
8625
7155
7788
10259
3704
8465
8077
6057
7717
6921
6759
3411
8662
3024
1118
9531
8879
7824
7206
7868
4478
5493
1572
2014
8821
6419
5319
354
6189
6738
3910
2492
3577
8999
146
6964
4011
6963
8988
4635
4155
1099
1327
2248
3839
3660
7312
3632
3366
848
1701
1890
8690
2184
2923
9067
2597
73
8278
4881
7751
5306
9427
7233
8809
3696
1660
547
7967
8995
7988
897
6850
9022
5271
8619
3455
1655
7080
6617
6269
10153
427
9548
9077
1666
4562
4934
1295
1213
4751
9051
5389
9563
5855
7121
10177
312
1232
9294
8446
1999
4769
406
4753
8906
2361
3918
9225
1170
2809
3811
1467
5852
4819
7078
9759
1225
7604
5627
1267
6595
4783
7496
3441
6974
10368
4705
9437
1686
3207
8607
1000
8754
6765
5302
10160
6348
7561
2382
6926
2981
6477
7820
3137
5740
6718
2848
9851
9784
2333
2777
1769
9303
9248
10247
5988
10241
3970
7995
9004
2505
8678
6960
1802
9809
9568
4418
4056
5789
2475
705
7938
53
3264
4217
1189
183
4431
7658
4647
6992
3527
4213
4827
8989
2429
9235
459
159
1397
7844
8412
3822
3069
5113
4273
8965
1574
5046
7555
8104
4660
8305
2657
4076
4167
7668
9402
1422
9117
3285
6600
2801
1866
7203
6589
8013
369
4950
1371
6757
4486
7535
1091
3484
9905
1171
8695
5588
5667
6198
7726
7268
5305
1997
3036
162
2764
9518
10088
497
7873
2468
10287
6517
3432
7804
10248
1580
6747
935
5197
3381
1236
9078
9107
2698
4254
6835
4573
4112
7361
3756
2350
9942
1184
5216
6032
2091
5502
951
5252
7137
2186
6017
7483
2450
3052
9489
939
8397
3796
4408
1902
4797
1647
5378
9927
5369
5856
3825
9760
9312
7348
4274
5118
6678
1369
6512
611
7665
6780
6807
8553
5109
2225
8682
1624
1452
2580
520
7298
8870
3628
4439
8262
5275
4922
8425
9158
3317
1724
10222
717
7512
5052
8290
680
7794
778
8351
7540
2553
6002
10111
10016
7582
8202
4330
7110
7720
5699
9768
6100
6799
605
8620
1786
4062
9217
1521
5572
9989
9352
6085
4664
5320
2768
1641
3799
10100
6919
6716
2303
5391
9198
2540
6587
4817
5734
7094
2844
8245
2931
8283
9808
4231
3801
2741
7050
7849
2810
9349
9751
1277
2259
7267
8562
9105
7644
341
8255
5608
428
6836
3948
7449
9793
8746
7737
4369
9330
5143
3693
584
6102
6263
809
10303
4456
10281
2735
5097
8458
1972
5477
9950
8482
129
6435
5463
4788
2140
1174
1462
6438
5714
1215
3161
9091
5449
6510
3580
3934
6355
5882
8700
758
4220
1531
24
6377
7199
6502
5303
7400
1296
3114
3169
5430
8786
9559
5727
10037
7743
9483
7780
4251
3187
10282
7691
6458
238
3146
392
9755
8355
3009
6439
3357
6061
3519
9606
6519
8277
9916
360
6789
4256
3347
9265
3015
5869
3048
2943
7621
9165
8693
3135
1597
6273
10268
902
2075
7829
5753
4010
7222
3594
6119
8524
5925
2581
1165
2023
6837
1014
8257
1279
5124
6906
3949
5600
9315
4291
10002
10273
6551
1415
5153
7536
1942
9884
5358
5974
9415
1837
8735
5307
6713
7190
8239
6188
7221
1886
702
1632
7412
5820
5321
10195
219
4652
10114
1022
9242
596
7388
3817
5247
5229
594
8499
6864
8223
8822
1917
7359
9472
7839
4707
9003
904
3739
4936
9223
3954
9322
4957
1995
6462
1512
7283
8028
6924
3675
7117
8815
5847
7262
9615
8299
478
2506
872
2240
10003
8626
1437
3905
6630
5269
1185
6466
8325
1930
1721
1250
7151
3984
347
8540
5264
378
7264
3399
2092
546
8234
2346
4792
7314
6225
4314
9417
3952
8782
2812
2613
8503
1534
4368
7237
4875
3570
579
2149
4294
8953
6882
8840
8610
4618
5509
3094
254
2671
4657
4510
8918
3309
8031
7241
9356
1266
5388
3401
4476
6193
4563
4117
8722
2196
4121
4324
10363
1373
3186
1622
2322
5080
4426
4760
5579
7590
6913
4716
8186
8407
8293
3677
6344
204
6483
5606
3550
2100
1844
9621
9238
5311
6938
4920
10225
8795
6943
6826
4102
9478
10209
2789
7144
5136
5481
9515
3259
6063
9626
6570
4027
7038
6548
3228
7317
3383
3262
4421
3416
3275
577
3233
1664
8810
4427
4649
6126
4671
4772
8464
2413
9439
9960
6432
6638
5621
5368
4178
4250
1896
3718
5354
185
8994
2650
7006
4360
5745
6117
3893
6304
7079
6199
168
3514
8948
6565
8538
6140
6783
6143
5541
7026
1670
797
1263
4049
10178
1391
1117
6937
3816
9797
7986
4387
3532
379
4407
7705
2596
8776
3051
6379
2926
9416
5802
2035
10138
8566
2653
7896
4531
5792
7785
3877
4211
4588
6686
2288
9475
4739
6487
6715
6021
2767
6118
8172
6205
6123
1276
2435
285
5372
9911
4899
3206
8838
2371
7135
1695
4340
9088
7979
1748
2792
7721
765
2426
7634
899
5897
3232
7331
1747
2307
1409
5565
9112
1233
9040
6433
4576
5404
2660
10294
7292
1850
563
3098
5518
8318
7795
4032
10261
1509
6728
4184
6620
8929
5529
2590
1970
1192
9157
6545
5196
349
1082
10170
3726
1260
180
670
7316
911
476
4422
8924
8408
10332
8422
6662
8342
3522
8798
3389
2359
3506
2912
2199
7466
2392
1971
6423
1405
7955
1097
10171
1683
155
8826
7846
7612
968
9821
1293
1506
2069
5002
536
6577
6006
8096
4999
3526
2719
6060
6632
2171
6855
5752
3074
6056
6520
5206
3832
9679
5525
9345
5444
991
2276
5157
1355
6211
4639
9971
4917
3605
3923
3070
521
8530
6682
789
3997
9610
9463
9979
10135
819
5676
8634
7415
3708
5997
6549
6764
6012
2569
9863
6222
1299
3457
7360
2006
2643
3915
111
8985
1800
2815
7897
4141
6390
2688
1505
10301
7942
6690
1631
505
3500
9361
5903
220
4409
6252
6605
5846
7358
1502
1949
2522
7908
9020
828
7659
7465
1855
5645
1166
319
1587
1479
8715
7056
1713
5939
2433
3643
8663
2772
3942
7074
1777
292
9801
636
537
7581
3464
5832
2960
6560
659
8623
5438
5322
8696
7216
3265
10226
4509
7977
4556
8113
8344
8794
126
3662
9522
8022
5551
6289
8665
6975
3217
5098
8748
3846
9492
5535
5739
1001
3670
7859
1922
4883
8830
9272
3938
6081
999
3143
3177
8469
4223
5813
2850
1443
140
6776
3127
5286
1492
2632
3442
1442
719
1359
3082
9928
7217
3543
8512
5251
4420
1002
3768
3281
9910
6448
6082
7981
7754
8349
6515
8197
8908
8719
6098
9362
6452
6768
936
8103
3276
5365
878
7553
8363
6421
493
10272
1248
6810
1162
4949
8237
7593
4247
1131
9818
7661
10240
4370
1716
2561
9526
5590
2337
7402
6547
2880
10262
6221
5928
6362
9298
9379
3909
150
3073
8420
6334
298
4467
2345
3702
9376
1978
4009
2094
7652
632
8944
7650
4713
9104
7146
7165
7008
4727
1589
4965
2366
7775
8265
2296
6255
2756
158
3737
4129
3674
1663
7173
7369
3011
4292
9374
3781
8937
4626
6326
6907
971
9036
8051
4798
3121
3204
8527
2655
5172
4258
5433
2504
8535
3971
3683
5561
892
2342
2636
237
8635
4687
7545
3222
8847
6331
6766
8551
1746
8123
4091
1377
2379
2763
9505
2753
8411
9270
5478
7574
10250
7138
7354
2190
8236
8744
10249
10229
9162
5989
1564
2258
10325
9782
2412
4118
1395
405
5649
1974
7714
3352
6778
2519
2122
5298
3402
3330
8168
2742
931
446
2601
3630
10038
3363
4002
390
6406
2972
267
202
638
5250
3215
5659
2029
6994
795
5284
6714
4684
6300
4857
6046
9108
3962
5380
2390
7546
845
9860
2486
8438
9382
10265
7177
8817
8109
255
4521
1057
3552
4416
363
4601
6526
262
8788
147
7774
8190
5985
9897
8474
3758
2422
1499
4859
1183
8674
9940
3516
4183
507
4264
316
5542
5844
9539
32
6180
3437
8984
4433
4659
5690
6865
1739
10155
3606
2441
2109
10120
3007
5981
6254
8544
9663
7872
1158
1256
10331
7552
5330
7901
368
1799
8343
6894
6854
5413
7734
5055
8374
5446
7916
2421
2203
2502
2211
3581
3563
4842
5520
6065
5379
2904
1167
4045
689
2327
8452
3785
5420
3865
2778
5968
6276
6710
10077
5189
6236
6075
8395
4352
5072
10230
7947
2837
296
1646
6645
9024
5211
3305
4313
3821
334
4310
7250
9964
4308
7960
5597
425
533
3249
10000
6657
4412
8683
3386
132
9603
8818
4448
4158
6786
5289
3650
8151
7683
6337
5392
7406
981
6069
4655
9325
9712
6984
6076
7163
5966
3960
6473
7444
4570
9957
898
5756
8536
9079
3640
3062
9810
7917
5130
289
8350
709
1561
1673
9181
5726
9651
10067
8977
7113
10313
6231
7329
4311
4504
6529
5637
4725
8433
5698
7432
9052
7745
2652
9835
10076
3255
7141
8539
4656
2339
222
4147
6911
9441
8291
9614
1653
9434
6897
6044
5312
4888
6830
1423
9300
1187
3313
9368
358
7618
4903
375
1307
365
1882
9292
2675
3772
7747
2293
9370
10243
8222
10071
166
7436
762
2384
8352
7242
2722
9268
9221
290
9962
10109
9479
494
9550
1745
7364
10172
1962
8986
9054
853
3164
2210
3140
3621
1322
788
8023
181
4544
6931
9924
7573
9664
9735
9508
7693
6374
4843
1833
4677
3463
419
7025
1582
3529
8389
3805
9958
2480
4481
1491
1966
930
7818
4958
3118
4803
1044
5125
9943
7086
5901
7303
6097
6623
5610
4241
5592
7427
1533
1049
3212
3481
3054
3018
7686
2574
108
5503
869
969
7191
10084
7087
6413
1039
9938
1584
2783
9063
8940
3573
1648
2781
9873
938
4765
8376
55
1576
8863
209
4696
8217
2631
8560
6084
5104
1430
4939
733
4667
1913
8447
8455
750
575
1956
176
7418
4891
5489
7692
41
1821
8764
7966
2228
9266
4885
818
2481
3591
3742
5575
7610
2941
4249
4339
2731
6036
51
6758
173
8353
7840
9598
6127
2760
7597
4605
4181
4194
2222
9499
10293
568
8445
4152
2134
5576
4464
2969
1765
2047
9756
4701
7565
4596
4918
5888
4095
4527
1094
7405
9605
6486
9574
1136
1182
9032
8800
3830
8761
583
8998
3491
7450
7106
7308
5429
9318
2304
8036
3844
548
2419
2001
9011
2773
890
7645
6550
8185
7404
9084
3050
6111
5155
6770
10108
3931
645
8519
10253
4353
5589
1577
1925
9359
9049
9705
6563
1953
6251
4485
5154
10045
8494
9538
1297
736
4867
1895
4824
5094
9987
9585
6277
9602
9392
4332
2131
2575
8332
3955
10284
2437
374
2408
859
7755
3170
4229
7438
9190
9488
1220
1601
3295
2765
8463
4148
8881
2444
3889
3246
9771
1755
6591
1028
10069
8750
3008
3477
7015
8705
3426
4389
7356
3433
10254
9639
2173
2000
5140
6863
5004
2578
4688
5003
408
6625
4404
191
9210
2868
1018
205
3499
6013
5141
2325
1853
1658
5403
4648
9725
4785
5805
669
1579
4744
9469
5983
1524
4745
4956
7114
1456
468
2579
1578
343
7126
5543
1869
4755
8240
2024
6074
8741
2672
6467
8039
5514
2820
6681
1090
350
6827
8987
4627
8640
8114
2752
6338
7790
995
4970
6039
1707
9965
5335
5607
2432
753
6152
4458
4942
7409
462
8584
4160
9446
5214
10356
5573
7910
4044
9533
4689
864
6934
4686
3355
1787
10145
9832
2172
6646
2757
5436
4511
9514
4790
2496
6200
4007
2680
9250
9936
5874
38
3530
8129
10151
6000
1822
5695
3420
5692
2269
8650
8832
432
6370
10194
7803
4097
4400
4802
4423
5872
3151
7891
3016
7571
5483
2466
6243
9394
5018
8864
3209
4871
2938
9591
4381
9968
4542
10320
6962
2673
1889
1988
5025
8434
7059
335
4367
1176
2929
2616
4742
4351
1606
1072
8098
9066
7009
7770
7017
6558
6087
9310
3230
4640
2530
1116
8945
6391
10134
449
5426
8911
7547
9155
3682
1594
5120
9986
3953
4673
2188
10333
7954
4453
295
8869
1459
1433
8930
9870
9168
4398
5689
7583
7510
1620
10340
8736
9616
9693
1857
359
10300
4668
9357
6042
1180
2734
2988
7469
2022
3937
5202
9658
67
4030
3049
8288
9959
8731
7195
2842
8508
3283
9384
6870
707
8819
954
422
2962
10251
8720
1504
4512
7762
8747
5761
1693
5105
1198
841
9161
5530
5173
6898
7484
8209
1705
8866
7736
7161
184
4280
10005
1314
524
4996
7095
10017
787
4066
9888
7632
5205
6696
3608
4172
5373
7085
8384
4847
9016
5633
5941
7577
2661
3558
2380
9972
10137
6431
4801
3149
7557
7366
9399
8581
3612
9892
6643
3744
600
7640
1959
8321
3733
7572
6901
454
7421
9274
5731
10324
1051
7455
3906
8300
4974
8649
4391
7376
7673
2681
6164
10306
8654
8483
6476
2321
4717
7530
9530
5217
9814
6395
3041
4168
3987
1447
7311
8857
2973
5567
4861
10286
3956
6656
2176
6739
5849
5473
4776
9019
6737
1229
7834
1003
9532
9311
1461
6838
9912
2729
920
9796
7752
4674
2193
9729
3291
3507
9846
1494
1736
5539
9397
1416
1598
3857
118
9643
4679
4990
7569
549
676
2857
4126
1984
6055
5635
1234
7787
8388
5274
3609
7996
4784
5316
4617
9925
7750
6309
7648
1193
7373
7836
9464
721
3618
3574
4265
64
2070
2153
7625
7929
5883
3104
6033
8835
76
9285
7532
112
5484
9215
6803
9378
6284
8477
9203
9666
1400
8001
6086
10008
3767
5755
448
5960
3571
3505
3028
3318
2262
1484
5060
3597
1856
7170
8772
178
1656
7707
7584
7313
2336
6663
2275
8543
4591
3623
217
5086
6853
2529
9000
2840
10085
4236
3553
281
6125
7999
7424
5788
806
2663
3610
4301
3280
2183
6182
9898
7777
9726
8137
3243
5281
5159
1201
1177
4613
6366
4084
9282
5337
2674
4919
4913
5915
9762
1204
4101
6083
194
1543
695
5899
9045
8549
4171
5717
4795
6540
9319
4944
5934
2305
6093
6050
2252
8958
8661
732
9426
232
480
7675
7763
9700
4550
1489
2221
9862
8559
6062
403
3740
6544
7420
10096
3494
2133
7453
4053
7389
6499
8167
5201
9407
1257
2587
6707
2538
8752
1689
5351
3900
2683
10059
756
5415
7224
9677
8341
2670
5139
4848
6942
2115
5142
2589
2716
3244
4897
10219
4177
8468
3668
5075
8685
9803
5111
5669
917
7806
4276
4543
9393
8092
1704
9895
1637
622
6636
8340
6575
745
6927
3874
9525
326
6165
6025
5237
1619
5540
9015
6311
6619
3764
7783
1202
4466
556
7629
2695
715
3927
2356
1723
10010
9737
4446
4176
6037
8261
7982
534
6514
7764
4748
409
6581
9684
377
5340
3966
6631
9777
3300
1570
6947
2393
6305
7802
554
301
2050
6744
5524
8371
4295
1410
5876
9552
345
8602
6812
1892
5774
6108
3251
6072
6752
1831
712
6604
10117
2713
1300
1592
2909
5082
2685
10238
5231
7070
5688
4528
6115
6824
9930
5123
2314
9212
6980
6227
6202
8757
5648
7439
2095
9128
6978
1206
6360
3038
10309
7994
5359
504
10152
4893
10201
7330
593
10127
3554
1934
4132
9187
8942
6525
6802
7669
1253
7727
268
3572
5276
9010
10260
3899
6004
5406
3979
589
9861
2479
2560
7758
8742
2658
5780
7740
7620
1298
9922
5857
7381
5019
8969
4781
7096
8637
5526
1428
4597
6035
2214
9142
5087
5786
820
6616
5644
280
4087
627
7448
1722
901
6791
3408
225
3936
5798
1381
8184
3045
562
10169
7505
7969
7076
1908
8778
8014
8713
8173
6412
3518
4637
3039
1657
1112
5851
4242
7243
6015
7440
8048
9293
9682
7875
4955
1005
333
3147
2243
6213
8545
7928
4162
8594
10366
10091
4634
9921
919
8145
5500
7943
1626
3831
698
8148
7108
1310
2387
4316
7092
2871
3189
5705
3560
10133
7032
2546
4560
3087
6958
978
3549
9795
5039
6777
1813
8310
327
2442
8021
9178
894
3755
7302
373
243
3719
6891
9355
9811
6454
5464
8486
3590
7132
5428
4778
2155
7641
3367
3324
9939
4150
3391
2161
2404
5622
6781
2790
1963
5673
5741
2603
1321
4008
8711
65
693
8226
6381
4879
6637
9709
10042
5865
2874
3792
4358
1906
7845
190
7067
5519
1919
9099
6106
9334
2113
1064
7289
5958
7270
431
304
3337
4449
2518
1100
836
6088
880
4731
1374
164
9131
4738
7701
6523
3975
7225
2244
3242
2205
9009
8952
4086
9222
720
10298
4971
7211
7179
6329
4246
467
8201
3897
873
6260
8923
5804
5126
9676
813
1121
1980
2725
8509
2297
63
5821
6256
2330
8473
4022
4840
10345
3471
1190
1591
7499
8317
2617
8573
8308
3460
6028
2911
4914
814
6241
1060
8605
5803
4019
7729
10323
2878
3312
6571
2785
6319
1525
2484
9990
9697
8522
1947
121
1546
5918
5185
1152
4887
2348
6513
7744
6573
7911
799
5377
4343
1126
5793
9521
8652
2852
4163
6416
722
8628
10175
791
7974
88
2290
5081
4933
313
7502
145
3596
8887
1059
3876
7157
1196
5516
3220
7060
7619
6611
4889
6583
8296
8514
6437
8285
3384
8680
430
6538
2668
5599
3354
7513
9914
2638
2968
5253
4302
2489
7014
1268
9306
3678
1303
339
7037
8402
5343
7188
8624
6103
7710
6478
3676
5975
6175
1832
3961
8414
7939
1785
3798
4916
8152
1858
10062
1399
8231
52
2913
9593
3294
9070
7832
5678
5585
4493
6527
6671
4620
8019
10274
3828
6562
2607
8272
8899
4283
4463
4039
9865
5772
522
2129
6940
9369
10355
1538
4040
7972
8060
1387
6297
3804
7407
2543
5279
1734
7368
2490
321
1897
996
5970
1687
7115
5842
6367
9635
7852
1194
299
6403
315
8670
4140
923
8592
138
5618
2352
7167
7828
3131
2884
976
3986
9333
8532
6772
7024
2093
4450
5074
7043
1004
7905
117
4364
1074
2754
3778
5204
9062
5037
7063
2629
7746
3282
9295
1964
3099
3790
2834
1465
6628
2236
10179
10327
2806
1862
2495
4712
192
10199
7779
4733
5375
6216
9435
9582
9013
9624
8669
7854
8233
2641
3325
565
639
9597
10020
6429
8894
6873
2179
4676
1402
766
6917
4821
6387
7040
6592
6660
1188
8646
9825
8387
2107
3478
4195
8585
8431
3541
6450
658
4125
5394
2407
2005
3480
2015
8755
9594
1795
5363
9196
8603
5497
7471
6644
3031
261
840
3447
896
4455
5035
7948
5965
3172
6224
5628
1424
3738
5131
6574
9269
1536
9695
2693
7766
10196
2861
5374
1552
2925
4568
2267
6885
9995
3197
1986
57
2443
3319
4823
5333
421
3565
8951
10234
6474
6832
2914
10168
6708
3921
3901
8030
7494
2312
9200
4987
9794
143
8784
7049
9641
6624
44
3771
2027
2886
6073
9207
2932
4215
5194
1951
9418
5829
8938
1476
7791
5234
4366
8515
1751
2984
881
4951
1788
8320
601
566
831
3157
5505
9611
1334
4710
8195
3109
8721
4067
6654
8854
4204
9273
8047
4003
949
4103
8811
6731
3333
10158
6136
1138
8430
2875
9976
1441
10365
8378
62
8692
5459
6352
309
8424
6226
2841
9358
10235
1530
9115
1665
6151
5383
2539
2881
5845
1607
5041
5482
3358
770
3501
6299
6834
2260
6357
2215
9852
6144
7649
8157
9271
2456
4267
7490
5665
5133
9031
6058
4260
2740
6831
6397
4654
7255
2694
7384
1350
3884
5090
9289
9874
2591
9150
2447
8593
8739
6804
4546
9859
2126
3184
9177
5496
5445
1364
3765
2798
9970
4365
5595
10075
7103
1909
9998
946
8136
886
10369
4222
2974
7902
9769
4505
3272
1750
8868
10269
1744
5771
9690
2020
3382
7606
2645
4580
5892
4436
7379
356
7022
9424
3461
7918
9050
3234
10122
699
1081
7028
7492
1230
888
8653
5203
529
5881
4105
2642
5367
9778
2710
5587
3671
7921
6122
8230
5151
7001
5943
812
6750
5258
2216
4786
7968
3885
2948
7592
2746
5703
4566
9654
3456
5117
7925
1669
6500
9495
2604
7993
6460
1179
9749
7334
8284
3754
4966
9321
10350
3188
573
7295
9124
1062
3641
1681
10189
9164
798
9698
7310
2319
5953
9076
2521
9163
7792
9018
6078
1682
3504
97
2230
8845
6186
6183
3880
3385
5547
10285
8780
7904
1007
2726
5461
1450
1235
8687
6133
8586
5371
8777
887
1285
3017
2233
8537
6733
8851
10129
5609
148
2128
5885
1067
5723
1264
4625
2082
9850
1603
2885
2219
9565
1915
9166
9792
679
3422
1798
6001
3950
5116
9459
3225
2028
9935
7180
5084
1435
8844
2990
9008
4593
6930
7586
163
4325
3178
83
5181
4287
6647
7772
4083
4642
2482
1612
4106
6350
6261
5612
2464
2300
3856
6114
8337
3750
5639
3561
1501
5328
9234
3362
2073
1143
4434
4554
4726
8588
5835
9301
9750
6363
5341
4630
1354
4501
9578
2595
6018
3286
3604
10312
6145
149
6372
1830
5564
3058
5088
3537
1790
8451
8565
6679
7131
10039
1469
4385
8694
9216
2194
1898
5577
3158
224
8589
9455
4690
2976
7599
4578
6192
7498
7185
6053
2043
1027
2637
10180
8760
4855
3468
8885
7296
4078
7139
6110
6857
769
6673
9232
2372
9807
1571
3834
6845
1671
816
388
10079
1011
10022
3741
1825
9919
1555
3400
4070
3631
351
352
5238
8287
4004
5946
4452
3688
3256
4145
3035
2487
3430
6915
4401
384
8964
245
2940
4820
7395
170
5737
2831
10082
2159
9425
7423
7018
2395
6240
2478
9951
5150
9819
5996
1046
7046
8356
2208
5894
1159
2514
5660
6800
3021
772
6442
2423
3982
9931
2154
531
10232
9485
1938
10305
6409
10185
4799
7826
119
7230
10367
3709
973
5254
8131
5160
7116
7878
4331
9758
3896
6839
7735
5936
4046
7936
4122
8962
8361
2420
1563
3926
4835
4808
10239
9375
9182
8769
3722
1565
6346
9193
10051
697
8606
4793
6955
3523
3032
1068
2357
9993
4131
2313
10186
1566
8671
4419
246
5226
3690
4284
3120
5163
997
1203
588
3084
5077
3681
4001
5442
6585
5708
850
5657
630
287
8506
8403
10288
8850
6142
10295
3659
2204
7399
8335
5396
10252
9564
6158
6031
9405
4787
5192
2049
6801
3296
9817
5781
10275
8189
9856
7623
870
364
4669
2986
4693
3752
2526
5063
3148
4494
728
1089
8609
6470
2449
970
2081
6191
3470
2600
1581
1873
2667
7485
8068
8726
802
3686
631
4924
7020
4498
2472
5672
6842
3476
5476
8075
8550
7666
5171
3845
1329
8853
9007
2983
4417
4585
8839
8676
439
4685
7733
240
7654
1973
6961
447
2918
6107
7223
7738
1283
9156
1031
6174
8165
5980
3940
1610
2010
7651
8708
2331
6923
3245
761
4991
10351
9985
4077
1976
4619
4896
666
3531
9553
6384
3692
3003
6007
2458
2567
5586
8130
2213
957
513
5922
4780
6051
1628
2608
6318
9477
653
4196
8917
7198
8783
4756
2323
4490
491
983
3913
4551
3270
8143
8648
3134
874
482
3626
810
8181
7378
79
8026
9433
6956
10107
4960
8492
7102
5338
6361
1943
9096
3298
2388
3775
3922
9634
5841
9788
6282
3452
9773
5471
3279
910
7147
31
8289
7860
3338
9673
308
8703
2835
2630
9731
3202
9423
9365
7036
5626
1145
1488
5834
6939
8570
6594
7913
8454
4978
1881
7212
4866
1568
3907
1644
5164
2915
8973
10314
9622
3789
5677
473
4159
4268
6279
214
8232
8611
3946
7013
4142
2523
6214
3706
1752
4586
1901
8304
1401
1105
9042
6773
5807
1273
10188
2083
5028
59
776
1639
489
9129
5178
3835
71
6369
9497
9122
8256
3100
2524
3648
3786
9659
5837
929
3006
7507
2755
441
6068
6424
6171
6434
4058
3154
2623
8444
8622
7998
4762
8032
2344
3947
2326
3451
7208
2723
6532
4016
10315
9879
3567
6566
8133
2802
7276
2711
1147
6603
7082
4107
2627
2727
4724
626
6818
6596
4538
3614
2500
1284
5863
2054
5681
6356
8701
2970
10092
3848
3078
1181
1967
5664
2606
4872
7057
3890
4977
6402
7667
6886
6743
3240
8704
4394
1164
1907
3128
2102
5245
5615
2165
1766
6179
3761
4873
5778
8684
6320
9915
3769
5683
5833
7390
2876
7531
453
3267
6828
4699
10233
6999
1290
8018
1324
3916
2125
2026
5909
10181
9744
4135
1732
9304
877
288
227
1328
7799
7266
3978
686
3377
3863
105
1356
7463
4993
244
10140
9996
2120
2906
780
4240
2198
9581
5694
2565
724
4335
1819
6968
3340
8383
3365
2817
6615
1763
8710
2206
3762
2310
3110
1992
10028
2728
8808
9367
7578
7347
5220
8734
6440
10143
2947
3624
4235
6425
6443
475
7711
7118
4557
3175
6287
8877
3731
2038
9638
8656
8385
6364
9213
751
460
8187
8926
8155
815
2528
1054
8675
2104
3218
3419
6150
8909
6932
3601
2110
10339
9231
9258
1309
9753
9205
2718
440
9422
1221
779
4736
9353
2827
5244
8319
2302
9337
5401
7987
4662
2903
3636
5350
8651
9747
3448
4018
9944
7831
7843
3106
2751
2930
6508
7931
3486
3627
9413
3838
1983
10074
6648
6501
6135
835
5110
3564
2471
8228
8816
9864
1605
1674
1278
5728
9175
543
9730
907
8153
1053
8980
4813
2180
3029
9604
3646
4500
5583
9590
2620
953
6274
5207
2164
7041
3654
4611
2142
8796
7309
1996
10263
6159
3260
5050
4680
5680
5810
7715
7670
9920
4480
3667
8644
6316
2285
8587
10326
7426
2189
1122
846
1110
259
7101
2439
6324
5156
8513
5161
4805
527
1516
8738
2585
5040
4363
1547
9743
5179
4071
3747
6503
4277
1281
1486
8564
10271
9541
7458
4037
9571
6954
3521
8367
10342
7175
1727
9716
5767
8657
6751
8074
4750
5147
4768
357
2474
4547
7187
429
8517
4123
5195
7786
6754
7930
7892
9360
2705
6847
36
452
2532
2177
1729
9947
8066
4651
4998
4732
1418
4964
1725
6248
1345
3616
545
7984
7183
7324
228
2679
5043
9570
5814
5424
2656
338
2570
1379
5301
3784
9281
2628
2201
6314
1445
5742
3924
4909
5360
7713
9787
1567
8365
4815
7600
4747
223
6816
8238
9465
6576
6539
7689
7119
3395
6217
8922
1923
3412
4779
7594
346
9249
3996
3595
7926
235
389
3372
6485
8478
6556
10019
9967
8396
1398
10063
1259
9780
3972
5797
2234
2682
5177
7048
7564
1672
9894
4410
852
3629
7123
6411
3356
8307
3535
5093
9406
4017
4545
7434
7695
7503
8243
4305
8502
3467
1025
1961
9453
7628
8250
2158
10210
5066
1797
7739
2867
9974
2136
1075
1904
9535
9841
7529
5456
5230
8323
2739
10359
2859
9363
8884
5992
8907
502
6948
5240
641
7708
2978
1757
5613
407
730
4540
3374
9134
2117
5957
8101
5318
4670
9428
6392
8888
6769
1411
5262
9386
3138
6794
10142
6531
7475
7362
7051
1134
4523
84
7246
3520
6902
5408
8235
1008
8471
8252
4375
2040
3911
10164
7526
9822
8833
5027
7816
7607
3459
2971
6941
8006
1654
10058
8599
9487
7556
5839
6059
8689
9812
7542
6400
6468
8193
4036
922
4941
5348
4462
4594
2418
2427
7370
538
4514
2902
3881
4633
5640
9764
3882
9244
1246
3475
8862
7464
7538
3139
9290
3713
5578
590
8753
2527
609
6148
1764
4333
3777
7961
7549
9059
6874
921
1556
10056
3873
3462
3701
1073
3528
4606
1413
2021
1691
8485
4469
8891
842
8442
8435
8563
3588
7728
6726
624
8481
9688
2935
1153
906
3653
3611
9798
4289
2277
8427
4549
5061
2084
391
4837
1852
6809
4396
9929
7128
2634
3589
8248
8630
882
2284
5754
3316
1679
3174
8841
5370
9739
6066
2845
9507
10087
7352
165
1841
508
2828
4904
1773
9733
9012
1714
3912
1880
9886
8781
2615
7811
9955
4278
10150
2209
9299
7238
1313
9246
2826
2511
4743
7256
5243
6022
2927
5570
5344
9260
8225
10231
5283
6155
6341
3200
7682
5282
7401
5277
8346
3634
4315
1063
993
3969
4054
9199
10357
7196
3376
7031
8493
644
1133
81
1550
2830
4281
9707
6823
2317
5382
3199
6288
8790
9280
6788
6652
5400
7808
4042
2864
4984
10217
1490
5707
8076
5682
2112
4243
10098
752
5757
9047
1137
6929
7533
749
5921
7149
9689
10223
3993
10031
891
796
10066
4932
1481
8249
322
1406
8120
6507
10187
7672
6756
9625
10159
3598
5828
1593
3867
1957
2044
642
7585
2397
8439
7909
6373
3273
3431
7562
7254
2761
3886
643
1876
7932
6554
277
9305
2362
9170
8440
7284
3055
8144
4963
218
4388
4927
8751
2452
3414
9373
4719
8002
7385
1043
3837
8097
8100
2692
4678
1781
6232
3746
10341
604
7757
7486
7617
1948
5114
4520
3159
3182
1927
7337
4682
9490
1093
8115
2963
1404
9138
4025
4013
4495
5273
4286
7647
2818
9328
2854
7712
1623
4487
2776
8758
3235
2410
9537
8489
234
6798
3512
6388
9607
1780
5601
127
4225
9467
7285
4271
7325
5611
4098
8679
7342
6490
4261
7703
4884
4005
10361
7375
8329
2185
4085
9746
6228
8406
856
3088
3995
344
5432
6806
5047
843
2025
8224
8996
9926
9071
5122
967
8802
7850
1388
7000
6315
6301
9381
9740
801
2174
1650
133
6971
5152
5443
6249
7637
5364
3397
1823
9057
4307
7004
3263
1990
9823
640
9632
5054
10123
3587
5693
2780
6092
3721
2218
591
2428
3810
1969
5571
3196
5873
10139
9448
5816
2985
7339
2808
5095
1900
2721
1718
496
2318
4773
9642
5602
401
5862
4138
9081
3642
4270
4818
7227
3482
7518
5662
9130
10277
10147
7965
9601
2666
2958
1874
1151
1602
2991
10068
2271
977
7392
2758
8379
6464
5474
6683
5001
3332
1843
367
9754
763
6893
8968
1157
6691
2691
7697
2416
9326
6987
990
230
7524
4309
3788
5292
4553
445
7305
1408
7462
2046
8457
8393
7159
734
66
4348
2998
2064
8709
2239
1958
829
8555
4869
1466
3593
5511
6480
8827
6774
6732
10021
9687
2542
9881
1080
2121
2686
4868
8218
7825
9135
7265
5900
6867
7608
6116
4156
6401
7287
8450
4257
3436
610
265
9683
8804
8978
3898
3644
10310
7847
1207
6019
7476
9224
9728
6982
6723
1078
9630
4969
7880
3517
3779
2017
6688
2766
9633
592
5979
6748
9460
9510
4834
634
1037
2341
8334
3239
8126
7468
1474
10006
2992
865
3827
3004
6209
6459
2250
5854
1767
2535
4342
3600
1935
7759
7596
487
9540
5948
5486
6740
3033
8728
3492
4767
7089
5447
681
6089
10126
6641
2229
4532
1070
3908
2920
6218
5417
4475
2483
5668
578
839
3813
241
5024
5228
5544
3586
9167
5652
8730
5068
7558
7580
323
8211
2425
1717
6005
8943
5679
75
361
9457
4244
3339
9776
3583
3545
1738
2315
1560
4764
7602
9973
8860
9710
10290
5987
8498
2292
3053
8081
4609
8903
6234
2127
5555
5917
3247
8038
3951
9191
1510
4895
6283
5931
3179
9838
3392
2087
2453
694
6496
1473
8005
1056
7062
8046
4111
10364
4212
6518
4321
7588
980
2367
5696
3883
7477
1029
362
2934
5285
8993
10116
2055
8591
7945
7801
5951
2899
7589
10093
186
6813
8432
10197
8056
5259
2052
2273
3959
7145
8269
5410
2282
6753
4575
657
4116
8886
3850
2191
4219
8090
6162
1916
2101
3556
250
5135
8745
8491
7488
1680
3656
7084
6722
10278
9554
8213
481
9154
279
9174
3809
523
7459
5933
6169
5008
1304
5758
3999
1288
6504
8020
1608
599
1241
7052
8552
3085
5248
2584
8091
656
620
8933
4555
6709
1197
1625
5263
4263
1911
208
515
4136
8085
1109
8301
10237
6323
6270
6494
4432
3496
9766
9831
7517
10190
2251
3326
198
7204
6584
5870
380
8134
6101
7181
4043
6734
4437
2394
5193
4943
3398
5170
7307
9420
6537
7044
9954
8362
1548
5255
7730
9849
4185
393
4174
3205
574
1128
3236
2411
9711
9889
9980
318
8699
9806
366
3224
4548
3307
6613
7664
8058
1449
7622
6469
1709
1529
4272
4139
3699
8460
2088
6365
4653
2349
5563
7627
7997
7886
7282
2905
8088
3700
464
2846
7511
2370
10283
4906
9343
6124
3703
10026
7899
8253
2610
3555
7748
706
2517
7335
2714
1472
8837
1024
7800
9119
3380
6027
8382
4239
9409
5290
2019
8759
4442
2544
7866
2922
1926
8666
5528
1088
9395
5051
6553
5280
5521
6704
10053
9284
3057
9137
3980
451
7725
1017
834
8843
540
2246
7437
909
7160
5233
3417
8960
8207
6399
8890
580
3425
4279
4093
9126
9396
3195
6245
6712
8390
2403
4187
3888
1931
6385
9188
6206
5092
7615
3664
5437
518
5498
6099
6879
6149
5553
5674
9567
764
2548
603
3334
2894
5945
6988
2097
1040
4552
7903
1086
2952
5465
2855
1642
9151
1888
7443
6371
4890
4445
1939
3689
965
5706
6298
4190
7827
3928
3815
6054
5522
8590
661
7991
3000
7851
3782
9309
4856
9512
1814
5670
5418
1340
8212
6141
3315
2537
3745
5071
667
613
5501
9267
5099
8328
6094
4233
2488
7544
7353
1061
5078
6677
1036
8135
3090
7616
3904
6936
808
5356
851
3086
251
7419
7887
1085
1023
8229
9143
2436
3732
9313
8392
5969
9493
4774
5809
2509
3210
5818
5691
8400
5549
1761
2446
7870
979
7975
2545
1676
3774
9339
6137
10106
10270
1380
4051
569
3766
9513
7576
1316
5049
201
9324
2949
8313
9027
5033
8561
1107
7753
526
9977
5838
9890
7387
6498
5241
2513
2669
4443
3044
3438
3046
4128
9046
3963
6104
5651
4395
8125
6128
8902
1139
9579
3079
1495
199
8534
1770
8765
2264
4259
6378
9761
2975
25
5353
2032
1611
7946
2883
6953
9058
8582
7519
5480
10183
6382
4757
2438
3783
8947
7336
635
5938
3502
6420
8820
1933
6268
1685
4319
3914
6598
7156
711
3223
5468
8176
1708
10154
253
535
2541
3349
3292
1440
1045
7537
7452
6555
7848
1477
8428
5272
3568
7171
2769
5887
2469
4189
8992
5702
6892
4275
8542
4100
182
3043
6335
7229
2253
512
2700
2289
572
2794
7656
1883
7861
4650
4529
4730
1604
1715
7869
9307
2823
1378
3469
2470
5057
4870
5421
9842
1595
1861
9211
9560
5658
2002
6602
2937
3342
8647
1849
7842
6353
9440
7152
4350
7835
7952
9462
7467
7694
4901
9613
7122
1140
1483
2618
1427
5021
1614
1210
5937
2869
10157
7957
9291
2799
6386
9194
9494
8199
3843
2893
5770
6670
3687
1372
7876
9662
2856
8029
587
3869
5623
3405
9043
8523
6430
10318
4151
6745
276
10317
4288
4975
1960
264
3592
6697
5823
595
4746
9366
10354
4248
1228
582
6699
9877
2406
9498
9491
8404
9255
998
8314
2268
8084
8443
7248
6667
6295
10081
9650
10200
4828
8616
3037
1498
2654
7474
2771
7949
7090
9454
385
777
3156
1349
1772
7833
5654
5904
972
4898
8166
8326
4522
1968
7021
7559
8417
9316
4979
398
9503
1083
5617
6797
8957
3424
8429
8164
1280
3717
8991
8303
348
5332
2053
7626
1336
7643
5015
5308
2279
6203
8270
2405
6310
5317
1348
9670
3066
1500
1199
49
8106
539
4986
2365
5288
4064
4262
514
9699
3852
8347
7815
5165
6181
1600
7773
1696
8380
8220
4854
161
4424
9517
426
1542
2699
3941
8087
9906
9259
1330
1169
625
5550
1807
5700
3428
4094
781
3903
2409
6322
5826
2224
7749
9220
4921
8950
9527
1513
9209
2563
6965
5532
6793
3445
1301
1308
2431
9245
7055
5890
3734
10255
8614
4201
3142
9085
486
1789
8219
2013
8279
9618
663
1077
1392
1337
2076
7877
2836
2139
1346
7500
7881
7807
1634
4623
6233
2967
6871
6668
3546
735
1320
4587
4149
2520
9991
10362
4115
8568
6741
5414
8177
2373
4361
7657
1244
8194
8824
310
7923
6264
8618
7550
4646
4266
2347
10018
2332
6887
10015
1431
9017
5944
7104
3842
5064
16
9900
5182
9580
5053
10346
8373
282
320
4108
8774
3613
9857
9100
4711
7595
4603
1549
5959
4435
8941
944
9390
9727
4322
463
9708
8959
8210
7959
7520
2786
8372
5701
3868
8008
1434
1887
6427
4592
9189
5506
2689
2910
2550
9722
2659
4226
754
2738
7193
4371
6904
8629
8480
10128
4380
1006
6546
6599
4571
8141
2007
8904
8871
1562
3185
3920
1711
2863
8079
6814
9335
7864
1161
5167
1532
4041
1393
2033
9398
6612
8580
1675
9028
3723
4192
867
1012
9948
4166
4057
256
8712
6564
1754
2979
684
6866
3536
9214
4120
7154
3793
5107
7638
7814
6918
27
6446
174
1836
6266
1875
195
8043
4796
4752
1840
5006
5796
6979
7306
4161
8275
5499
7838
8905
3019
8405
2170
571
7525
9543
618
4692
6197
737
7958
830
4703
4031
4953
5062
8251
767
3176
6154
9139
4028
1879
3252
8691
9253
3409
4683
723
9206
8507
10198
5750
5995
5034
3323
3002
7232
5313
5198
4425
1590
2178
5310
8572
7563
4513
5423
9781
1877
9452
9075
1363
3254
1987
2457
1872
2702
9476
8852
420
5537
3211
4886
1588
714
8771
4230
2254
8659
6640
7543
142
9952
1186
731
1994
226
4632
9804
5030
8975
9044
1706
4754
4296
5907
4533
1851
7394
857
8702
7983
1294
5242
3603
6822
7197
2130
8655
4496
986
4622
9934
9195
5749
10297
4050
3917
5884
8171
3977
2819
8159
6606
9116
8910
2619
1527
10009
1929
2381
9329
6109
1932
7451
4088
6725
8124
4096
4812
9171
8876
6933
7889
7527
8274
2997
9547
236
3712
10205
9558
4539
5067
3705
8476
3369
2599
8548
9656
1615
2853
4355
7003
3132
9785
5848
623
3303
8935
435
963
4734
2724
6441
3130
3030
3716
9882
5642
1127
5014
4910
8410
7894
8263
1522
2103
3378
7374
4154
9466
9110
3183
8398
9389
9637
2717
4006
4415
1954
1993
3190
2448
6332
8214
8281
2748
9152
9125
7328
3864
7012
87
9103
6572
8127
6306
4393
8178
10212
8080
7660
5636
4304
7678
1365
4749
7391
6925
8793
6966
4507
8070
9429
9868
239
120
3115
1366
3434
1458
6080
3091
9627
912
9083
4864
249
7865
271
7133
1828
4378
4210
1871
4525
1251
2192
8254
6559
7765
6272
4382
2577
9736
1426
9202
6040
2501
6693
5784
1464
4015
2612
9608
436
8516
89
5666
7810
525
434
3162
465
5704
6610
5594
4186
7005
5568
8426
5812
8437
6905
9444
8421
10236
5293
9511
5861
10103
5381
924
2351
3005
10220
7414
5096
1347
4876
1020
8016
3379
4072
4472
6340
3511
3902
9988
2462
9596
6922
3076
9723
4962
7174
8418
6521
3826
3387
4379
8828
2238
8309
5713
300
9179
1811
9323
1553
1514
399
3730
6067
6422
5134
4282
9089
5860
2908
9153
9997
7933
9738
4806
293
4430
8658
716
6132
7023
1893
5747
10246
8102
4203
6909
4390
221
4124
7687
10337
3394
8050
608
3145
3887
2644
172
6456
2697
7487
4079
7506
3122
4473
8733
2649
2982
1376
621
6156
5479
5023
9599
5314
3666
1173
8896
2942
9261
10321
6071
5451
5224
598
8312
3647
4444
4882
157
6506
6720
2090
8306
6633
5304
8617
771
5296
4384
8814
8571
1535
2851
6896
5457
7927
7213
7781
2086
169
1975
985
5158
8600
3258
509
3576
10078
3181
9555
7304
5016
7322
5267
10131
2036
8949
1507
5850
9136
956
7805
3446
1636
3872
861
7107
9109
6601
1616
8511
2476
10057
1390
1848
7935
5924
1936
1793
7601
2605
8449
9387
5954
461
8604
7042
10344
9097
2335
576
4012
6996
7215
9887
10338
4454
2651
3823
4878
6761
8916
6168
937
8348
2355
4583
5048
5962
6626
9872
294
1010
10176
3818
5584
3735
2261
6317
6687
4318
8204
4771
1596
4929
4068
823
10124
8806
4146
4704
510
5920
7473
8577
10027
9609
570
7624
4582
2770
4214
2865
8749
9893
1508
9992
6129
1863
9371
4153
6792
3807
9474
5232
5632
1652
9239
8264
3107
5026
7696
3193
1326
739
4836
3958
2945
7297
7431
6820
4702
371
862
2588
1050
9620
3776
6883
8900
2571
4104
1191
2034
9470
9082
2376
6997
4880
3310
7105
6664
3336
989
2759
7456
3047
3551
2994
6358
1403
9953
7940
9981
7655
7383
7514
5137
7722
3994
958
3427
6417
7454
8756
7349
966
3510
7534
8487
2807
3585
8939
6944
5091
7653
8128
5190
5183
382
3284
7480
7124
7809
9197
7066
8292
7501
5508
6760
742
759
2879
6457
4438
7130
2316
516
8743
2324
975
7435
8122
6308
1436
5630
5256
4698
885
1914
5891
5940
7272
9486
692
4569
4327
1517
211
4411
4845
3353
2987
291
7953
2343
1829
3192
5527
3841
3487
7481
1569
9999
2146
4814
3919
3944
9718
9551
8875
4345
8825
8831
5822
2516
5069
1289
8574
3490
4849
7442
9146
5815
775
3060
827
2320
8787
3684
1368
10161
959
768
4844
8797
847
9827
3672
9612
1052
6176
8052
6229
1884
7280
943
3413
2898
1095
4851
9834
3096
2816
3126
2796
9074
7613
9121
5619
10213
2743
10072
3680
8366
5591
1559
4691
550
8054
2872
6659
7422
10279
5362
727
4706
8934
9883
2223
8004
3268
9696
2328
8697
6912
6250
2340
555
3266
7002
6489
8668
5448
1353
4672
1216
4811
8198
4334
6426
5056
2554
1842
4326
4383
2646
8686
3105
1287
7883
1030
1860
2747
783
10352
1200
10245
1918
1694
9180
5634
3853
9095
7895
7973
340
6077
2106
2896
9668
541
671
3957
7278
8504
1726
1245
5866
3933
1478
80
3760
4329
8955
2085
5376
2004
5913
4021
3415
9813
7350
1265
7857
5180
5515
3992
3226
2745
5010
5631
4341
7319
7841
3288
5961
9561
7709
1667
2860
8158
7912
4579
5146
7039
4604
6862
5492
6045
4207
2278
3458
8170
1041
688
8921
4612
3858
2051
9775
6398
2626
6785
876
1638
8779
6281
3125
3042
5554
8336
6325
561
1480
270
3407
4925
3027
6910
3393
2463
3998
2622
1015
2895
10191
9184
1302
9030
477
2306
418
2933
6579
5036
3410
1218
8071
5260
9903
1323
1386
9575
9645
6166
1921
4413
9060
297
5453
5616
7239
7771
1760
755
1065
6404
4714
5106
6949
2928
646
9586
1226
9208
3649
633
1827
5562
9372
2737
3617
7479
4447
3160
2648
9098
718
6771
4723
7716
9140
4252
844
5427
3965
4110
7088
8119
1453
4938
6278
3056
9501
7461
4735
1868
726
5990
6405
7081
1699
1743
3465
386
2892
10319
1965
6672
5042
10256
3791
5419
4700
6825
6359
3150
6959
6795
1208
203
7100
5536
2105
4777
9114
2980
2839
4567
9802
8981
4354
5361
9706
4791
7291
3547
8063
332
5721
800
3097
376
1977
269
3450
4645
8055
1753
9665
4459
7397
1129
10104
1342
8983
2257
4946
690
913
9742
6465
490
3622
3695
1108
918
9123
6676
2399
942
8354
4561
9093
10112
8149
616
8286
8688
5294
5604
3359
4023
9763
9023
9350
9227
9869
7083
4474
5225
5964
9800
9006
372
5208
2364
2704
2939
1237
3261
3119
7688
5266
7446
9858
2460
104
6534
7978
5864
6969
506
7321
6920
6170
2287
8946
5914
5942
442
5994
9275
7885
1205
2078
1779
8927
3293
2400
8518
6952
3453
10095
9715
7690
2016
7633
9848
2955
3274
9236
8298
10218
3020
5724
9913
4336
4681
404
1154
9799
7326
6821
1009
5199
3229
3345
6259
4502
6479
672
9519
9449
1924
8714
7798
3584
9147
8156
324
9828
7129
455
5777
3495
4661
10276
557
85
3253
3351
6878
3418
3524
7234
6177
6899
2011
5709
9686
2959
8919
3665
3314
8338
10296
2286
9509
6730
7819
5336
3548
2181
7636
7460
10029
2197
5108
8169
9901
5268
9536
8345
8118
786
1730
7274
4758
2245
7761
6444
5926
5675
5038
5029
1444
1864
8834
9619
2821
7674
5398
3141
9652
5297
8667
6543
4600
9080
9061
8311
8681
6711
2961
8215
7937
3707
5223
2059
7367
826
5119
5100
3489
1784
7299
394
2549
7172
7252
2508
10266
8484
6779
2996
3802
637
7614
6680
1291
5384
6900
9201
5581
927
6008
1544
5439
2111
7915
3113
7099
2498
3840
10046
7098
4468
511
5487
9073
6856
1710
2119
2774
8579
4794
6895
1318
5534
2882
10132
9034
3390
400
6568
7508
5993
4092
8330
3290
5653
9839
9332
6767
7941
1854
3241
3728
3449
3040
8812
3059
6608
3697
1362
1998
7142
402
5422
1575
3578
8645
6649
5213
6275
4992
7068
2018
9816
8017
4338
7357
6201
2494
7963
3787
141
6024
9001
6009
7235
3891
5759
56
4658
3974
5128
7158
6859
2283
3943
6784
8010
9640
6095
2531
7699
2039
10115
1920
9276
1518
2782
900
4537
4954
3749
7635
8011
7077
8415
5402
6569
713
2145
6184
6394
9546
1048
3321
8766
9035
3983
8912
7732
6700
8849
5768
9277
2417
3370
1640
8027
696
8556
72
7097
7365
395
1429
1627
9132
6491
2272
1178
7767
8423
6884
9432
444
2150
849
6146
3299
6246
9719
8913
5148
5971
10024
6418
10264
2378
503
7148
837
8394
8316
8598
585
1460
4715
5300
456
6410
4865
3538
4403
4298
5729
3152
9336
113
1944
9183
7300
9471
2048
5291
2568
8601
6267
3751
794
4173
1820
5867
2152
8147
4940
2202
7259
6557
7646
9577
2592
5342
8966
1782
1317
3851
7184
3129
4048
1940
9159
7856
9204
8541
1537
4968
9765
4503
416
1834
6762
3201
9120
9628
6333
1586
832
9254
1305
2138
8322
2946
7605
9805
314
2299
6292
6247
4508
5896
4451
9978
8358
3180
1741
9829
6472
2135
6746
9961
6935
1142
2256
5059
6070
7554
6888
7403
3327
6330
2061
2151
9830
3302
329
7679
2445
1239
4089
1891
7497
7900
4075
8974
858
9308
9576
792
1749
1720
7990
8554
1989
8763
4846
4133
10174
5932
8462
744
9106
8246
8059
8521
3849
7493
5663
3973
4180