2969
10721
1778
4463
8524
7503
4424
5577
2623
6227
8906
5100
2285
7368
3637
9239
1868
3711
4205
696
5001
2746
7051
9732
6544
4116
3790
8493
5373
3026
3810
3233
10505
10905
6137
5989
8055
7151
1704
10693
7633
3656
10405
10287
7361
5308
8469
9213
5727
1082
10425
6603
9153
9863
1606
1996
8458
10516
600
9540
10229
4030
8656
4423
4206
5741
2279
10198
8159
10898
5966
4386
7279
3358
2269
7818
8486
5617
4630
8554
1026
9388
5891
8155
8602
3455
9858
5649
10487
9277
9765
2845
10812
6593
9315
10127
6107
9320
9146
2067
721
2282
9279
7171
3606
3653
725
9122
2914
3155
2979
6839
7883
2272
6923
10455
6341
3180
6435
2184
2664
7749
374
6689
7410
8338
5032
7777
9924
10485
7950
6795
6257
4344
5514
6440
3708
6899
213
10702
1494
2603
10480
9314
489
10818
7680
4937
9810
10847
6990
6754
9358
2958
1829
7540
1562
9304
5742
1603
7131
9769
4942
6418
9887
4620
3260
10677
4161
6810
3124
6287
3208
885
522
2565
7036
8270
9632
10204
1975
8406
9235
10047
5229
5559
9431
4348
1393
9076
8487
6770
2562
8909
4713
9734
3229
6916
8921
2616
9312
8893
9334
5341
5670
6457
1759
7324
9003
2114
10206
9266
10284
4282
3803
9025
422
5474
4529
1930
7617
1380
1209
8900
9177
1535
843
802
3416
6120
8948
2786
8388
8644
8407
10165
619
5319
6937
3733
2656
207
5901
4063
5892
4440
4636
9577
4191
6146
8688
788
2909
9332
163
10826
1614
10676
4460
8514
7744
6479
3804
7199
7188
5335
2941
2614
10145
7303
8419
6073
3664
6359
3951
1994
621
10065
9721
9032
7249
9976
8298
9756
9427
8719
4208
3076
6083
8899
2793
6043
3993
4964
1850
10310
786
4814
8930
2589
2337
2897
9391
9037
10613
10580
2919
2826
2486
10393
1650
9545
10859
9267
1719
10159
9717
3725
8412
6134
5354
3391
9569
2342
238
7833
1340
4968
9041
5858
3211
9674
8913
1140
2807
2406
7007
6252
10232
8128
6764
5538
4420
9135
9078
8343
9098
10739
7872
1833
10135
10292
5990
8386
2204
6845
10766
9805
4521
5049
9672
6965
7613
2782
3497
4790
9295
2017
10603
8439
5645
528
6330
2171
9473
10046
5033
5250
4574
3315
7210
6808
691
336
5753
9259
7405
10059
5402
6772
8526
7020
8087
8452
7746
7782
9172
8669
2480
169
5374
2461
9722
4301
9862
6176
9401
6345
4745
6008
6282
7187
10079
1497
9826
6471
8585
6336
9661
5597
1552
5848
10664
1003
4820
7338
7769
2226
7323
2234
7177
10187
5985
5634
450
5778
9597
2505
2727
6988
2855
4044
7533
6510
3701
8964
4269
5743
1706
7570
1883
2045
10797
10380
8911
9768
8353
1312
9905
2474
10271
943
2353
9848
1042
5465
4472
3385
2535
9941
6036
1130
8994
3799
8985
4940
3684
1607
4577
6851
5177
1208
10541
8776
10652
5539
8570
3054
5866
8853
1078
4406
3515
4457
3898
3146
3808
525
7874
2663
2306
9491
2518
6052
7382
10020
7978
3269
2967
8897
7601
6369
9522
10007
7264
5598
5850
3349
3747
5327
5207
2817
6518
6335
10420
2796
2236
10671
8725
9236
10023
9227
7810
815
10756
10490
10738
3213
8825
9747
8588
10415
4687
8598
4627
9773
1135
6441
8125
542
10708
7655
1834
9400
2336
7370
444
2581
9533
7879
2655
2543
3175
8277
10523
9268
5808
6273
8536
9872
7497
3909
5085
4428
7203
9859
5121
7857
10442
10686
7428
6281
7870
7889
9471
2582
10037
2621
1680
6986
2092
4631
8389
7247
7215
5039
6044
6063
7721
8636
2468
1654
10841
2291
2093
2579
9203
8248
10283
1052
9452
10440
7463
1705
8924
6061
8550
1022
8164
8696
10274
5019
5193
6655
5712
9719
890
707
1889
7352
9082
9587
4391
7316
8348
1940
7118
2433
2747
7539
10169
5523
10608
5450
2458
2771
1653
6706
2643
1557
10554
2743
2197
7269
8876
5109
2063
5519
9736
5728
2997
10244
9424
218
951
3159
2450
1796
2900
3118
4438
9840
921
533
10382
5633
5317
5792
7127
8844
3881
9821
6983
3316
1387
8579
4704
1902
10337
1555
4488
3320
7620
3240
4493
7315
9508
5336
5016
7588
4308
9359
9201
8471
4265
6088
3133
5761
1567
2072
2989
8984
1635
10774
6084
9944
9861
1343
9234
3861
7070
9696
10557
9337
10341
8963
6521
6547
9437
831
6869
1336
10581
6852
9276
2370
6530
2478
6602
8559
839
10825
6720
1881
4862
10288
3081
9129
8329
5443
5477
8940
5303
10101
8427
429
5819
9319
4347
7755
9181
9785
3405
5571
1272
1059
9466
5494
9430
4101
9325
9688
7702
7684
2056
8866
9974
9155
4905
10636
10367
10022
9208
9528
812
8281
7979
5145
2801
2326
6959
4987
1072
9509
8240
6669
10755
8631
7086
8881
5048
4405
8114
5208
10183
3900
8293
1094
3478
8594
1285
5561
10045
10861
7924
6013
7686
5269
3292
3469
8289
10144
4088
9920
4613
10388
3304
9562
9013
9092
5997
6276
1354
9961
147
10071
1925
7970
10799
6419
6428
2393
10864
8976
2328
9531
215
7432
4732
7930
2439
3149
5313
1315
2781
9331
10298
1495
1513
1777
5260
9275
10560
4709
2816
252
10834
6210
10717
5533
10784
1628
5204
3068
8451
2386
8980
10481
3792
3410
5322
6021
3491
10624
3281
7814
8859
7651
7010
3874
8634
2990
2744
3030
3754
384
2062
8629
1143
6782
3494
4418
8020
5347
226
9935
8855
5343
7409
7707
5593
5189
4747
3247
8544
4097
8862
6890
4920
9925
9338
7514
3737
6677
6686
2275
8195
10150
2156
1699
3362
8210
8989
4415
6925
7760
4099
361
4001
10914
5945
8450
9866
7509
8313
8790
3046
813
5632
6060
10876
1031
1487
6922
2157
7516
9647
9676
6496
6340
4973
5278
6235
7422
8236
946
1963
6774
6038
9620
9423
10506
4256
6289
4535
7288
9715
5921
4214
9668
8093
8345
210
7712
4094
7326
10305
6673
7614
568
7068
3883
8743
6011
2951
1754
1432
5809
1509
3444
3406
10822
676
2356
3735
7396
8639
9419
5503
7764
9524
5511
4897
1300
4042
1886
7455
10563
7166
2732
10770
6863
9659
6829
10856
9251
1290
7285
3280
701
3001
122
8390
9695
6265
10390
3020
9512
9170
5306
669
7683
6681
4851
8193
10637
4210
6301
9824
8764
1560
7365
5407
9225
8929
7597
9557
10452
2943
3266
3595
9416
2371
1742
2350
3246
8608
7952
7564
9864
1693
7537
6562
9654
10177
10866
4434
6894
9503
1995
7504
4795
9943
9702
1164
6080
2396
4848
6407
5946
1799
8479
5754
2735
10048
4266
803
9407
1109
5310
9978
6815
9382
8851
6719
5629
4893
3548
5619
1506
7136
10192
3794
6498
5941
8453
10147
6966
73
4871
1458
1668
2267
1554
7847
8960
3470
5129
4477
10868
9841
9156
2302
1409
6115
4480
7211
1035
5824
9849
5339
7034
7577
5165
1674
6666
7880
6113
9456
10318
8457
9173
2622
4056
8415
10370
4554
6791
286
2068
9750
9614
90
2836
6731
7367
4219
5655
8177
7050
2946
8048
4235
1462
10532
2847
9818
4571
7527
8382
2584
2865
1730
6759
7671
635
5241
8036
1708
961
732
8117
5187
9744
2653
459
2925
1590
10875
601
4680
6339
10568
1819
7648
10262
5913
9464
9090
2645
2037
10628
10801
10290
1225
8705
6704
294
7258
9364
10504
3387
10136
10465
10619
9065
7359
2278
4703
6654
7492
6711
8863
4961
6014
7357
7997
5870
7470
416
7724
8577
3024
2734
703
4547
7794
7335
8198
9229
6680
6670
9621
8982
6208
8409
10889
10467
6072
10149
2830
8009
5907
7934
7081
2126
456
2766
2702
5226
1660
4578
3071
8987
5181
2293
3396
7585
6166
9885
4433
6639
9477
8099
3921
3721
2380
9257
8703
4818
10901
5620
6644
1964
9867
9493
10434
2768
4152
9538
10688
9633
4296
6614
5933
7695
1817
9126
5414
6902
6854
5218
8144
7059
9381
6702
672
4740
7231
4055
3050
1875
4286
4697
3058
6445
9655
7513
9328
3946
10630
8461
6963
5855
4696
3140
3724
7240
10662
9738
6039
6143
1353
5531
4246
3190
8660
8742
9665
3344
9031
9636
6938
1320
8310
1525
5881
4360
9975
1739
6375
8376
1396
8591
959
10486
10517
6243
5664
10846
10301
8962
5061
3999
4565
3899
5444
10877
3329
1220
8726
7134
10352
2806
10315
7484
7333
1947
7694
443
7056
2668
3424
9963
2721
10791
10680
5951
7046
6048
10373
6360
10128
3779
8995
6046
1662
4481
4689
1716
4957
3603
6589
10570
4073
10201
9186
3262
1572
4474
6209
7201
919
9157
6697
2499
10886
5009
4408
1424
3142
4178
3550
10594
7679
853
9220
7222
8331
5240
8016
3621
9707
640
4870
9559
5167
9018
3384
585
4676
9451
4982
8387
5648
3855
7800
10066
2686
1468
3049
6570
1669
2790
4552
5622
7490
1065
4082
8431
10335
2120
5678
6715
4988
7328
1626
2710
8324
9385
3171
269
10698
5609
7816
10372
9663
6828
9109
9537
7047
3199
8143
6347
6229
4150
10551
3070
2435
5089
4786
3669
3033
10862
7844
5182
4123
9574
8534
4772
10108
7191
6277
10685
9650
9132
44
9933
5400
3239
9792
6727
739
10695
5552
5040
2194
6424
1008
4197
8834
5151
8552
4258
8563
157
3741
9928
7610
10545
8829
3307
1924
2856
2173
9912
1318
2999
4155
5867
7379
6757
4557
10324
4230
7783
7846
1169
6000
10095
4032
10396
751
5448
3837
7838
1283
5513
7397
1548
7369
10697
6030
1505
646
4103
1922
8509
8414
2103
4933
3114
211
6447
7933
10657
4156
5338
6366
2198
9016
5169
7737
9367
3413
8280
8325
3201
7766
9645
1659
3321
2398
7522
2684
5235
9300
8075
10874
9010
5615
1793
7384
5054
10102
10120
1621
8429
6536
4978
5621
9604
7500
6085
6660
3712
10585
5454
10168
8999
8334
5861
1311
6993
7337
9573
284
1685
10166
6392
6694
2894
4255
5832
1773
6543
7831
7666
1771
1849
9438
8701
1293
5268
9844
8698
3194
10224
980
6722
7719
3368
4220
10012
7318
314
7430
9349
7901
9797
10753
1918
7792
8448
1765
9763
6109
736
6384
3045
7905
7334
10724
9626
2106
9373
2523
1894
1914
7743
7662
7095
8179
10501
2152
10913
3700
2733
2032
7487
6389
847
7808
10030
3177
7233
10860
3961
6578
4601
9118
1539
10081
3069
10832
10844
2778
1361
6888
9625
3923
10293
9950
7322
5275
4877
762
2020
3727
9252
10084
9576
10892
7917
3910
4176
1286
10793
7698
9293
5922
1592
1400
5611
2736
5981
8586
6992
10015
2667
6198
7867
5532
7371
4623
4343
895
9705
10655
6422
5065
10643
28
7364
9934
2741
6379
8646
9615
2211
10345
8046
3377
9669
10562
8410
2758
8290
10483
6973
9616
9882
4072
8523
8032
5093
5495
8872
6222
9073
7665
9936
4519
7489
2388
2310
7073
2357
3611
4370
2835
8717
10534
3446
9985
97
8169
6223
5007
10556
2379
6225
7000
4928
4824
1696
8729
10804
1276
5853
4013
8905
4009
9154
5930
10407
5817
10912
10646
3973
2008
10837
8490
6170
5091
5857
6625
6571
7768
5876
6513
9637
6740
6821
3583
1373
8901
4271
5826
9829
5447
8555
900
6700
4970
2425
6682
10208
9191
10601
10162
1985
9799
2910
10754
7072
4780
713
4692
9099
8739
2977
10327
2976
4906
5255
1469
5669
3545
9865
5638
5522
856
6248
6780
7691
8498
8023
7454
9089
10308
4785
2402
1021
4051
5851
4300
5355
5762
4273
1151
1268
1528
6776
8466
10672
1248
5003
10110
9321
7681
3829
2888
2287
297
8578
3688
9945
1755
8443
6075
6449
2334
9596
7929
4580
3990
1419
9274
5731
5421
8178
6135
3759
10430
9433
1574
10296
10383
1194
69
9601
9379
10276
9608
3061
1165
10555
5836
3161
8350
6550
1564
4989
7643
3757
10910
7013
6480
9786
8129
1971
6271
6980
9607
9939
9652
3394
9498
9091
8828
10780
6501
7448
8380
949
4353
8050
2886
4966
7012
8423
2296
8793
10582
2411
5043
2752
5166
10796
1586
5238
5144
5767
3567
8183
6687
9635
4443
7524
4992
8907
5440
6161
10278
5410
9883
3276
8018
9760
9874
5610
4977
1227
8398
4221
2273
6597
8426
5256
6505
8879
5408
5580
1514
8053
10067
10816
2829
1111
1416
7770
5693
6308
9233
6476
9218
6361
5090
9735
9930
8653
4257
5726
8837
8635
5537
10118
2828
10132
1678
7348
10494
6377
10437
10131
4048
7832
6685
4621
6761
8017
3355
10041
3746
1045
7602
2832
5827
8181
2453
6716
5294
6182
7546
5084
10329
7442
2129
1062
10515
1580
10366
4036
5818
8109
7100
2246
5015
10908
10124
1585
5162
3709
7112
9457
729
10704
10418
8655
4444
4283
10199
86
5527
4586
4141
3828
6438
7366
8172
8341
9458
6580
4643
5349
10495
5358
6803
3780
7508
410
2841
4426
9195
1503
2201
5042
9409
6193
8607
8194
6212
7998
9952
6167
3409
3275
7763
6787
3502
8845
2031
2971
5807
2563
4668
3531
1050
5770
7550
3485
7362
4003
4921
5723
7302
5365
7864
9480
535
6623
9778
9421
5521
7038
7464
10906
6434
1120
4513
5574
4294
5113
9487
3648
2912
4187
8207
1527
809
4801
4053
5159
6509
1957
3112
6234
1474
2064
4744
587
2002
8968
2258
3722
2704
9084
8344
9685
8796
9580
8975
9057
9622
4436
1588
8112
5705
10218
3426
8827
10261
1174
9517
5516
4650
5672
9114
7400
9361
8596
985
10231
9392
2789
7606
5499
2798
5659
5455
4506
2561
6531
1541
8771
10268
2116
3064
10086
55
5069
6112
5555
6323
8620
6915
8226
860
9631
6300
6545
8014
6376
8943
10049
4264
8217
4735
5714
3665
8225
4107
8091
2935
6136
1252
10493
3517
5996
8751
2181
7212
9594
10311
5740
4321
2675
7757
5509
1882
10547
7710
4333
7491
10729
1865
4295
8501
9541
1676
6343
4523
2016
10222
7197
2516
5657
6292
469
7161
7035
368
5518
3547
7221
618
7446
6755
2930
5729
4027
8908
2824
9825
4390
5766
10257
5640
2905
5415
7670
7408
7560
4797
7015
6793
1781
8336
8395
9496
3604
8342
5623
6517
9567
9808
995
1600
7967
6103
2460
7544
8595
2212
10411
8950
10130
6590
4090
5716
7536
8988
10752
4939
5979
4284
10529
9183
2122
2501
4842
10267
9789
5679
7477
4211
4543
2479
7829
9591
5110
5586
5782
10155
10121
9144
4504
3299
10903
6569
10052
5823
7556
6868
7313
7252
5377
1967
6651
10561
7788
6537
7173
3108
10009
7391
4261
6709
3465
7388
9202
3086
7064
5149
3310
9289
4558
5661
8446
5879
2895
8002
8247
5492
5092
4244
8070
4765
1579
4852
5948
5064
9598
3535
1907
2639
3389
3390
9439
3631
1366
1573
10824
4342
5104
4608
1667
3902
7498
607
6725
9982
971
6201
1937
7022
8869
4611
4892
10391
3659
3492
2694
4584
280
2315
6071
9280
4169
3513
8992
8355
886
6884
9158
4965
8299
6117
7674
990
3793
3571
4435
7886
433
7756
4356
10289
3765
5428
10852
5915
8102
987
2959
6956
9435
1617
7827
8120
5958
8860
4326
9693
8267
3139
3035
7244
5173
7033
4362
6834
7272
7713
5590
5898
855
5123
8946
3048
4383
2578
9843
4794
4096
9383
9640
7977
8624
6504
2986
1672
792
10196
7411
3809
4005
7037
9365
6470
7169
6726
3852
2057
5143
4711
7109
9067
9495
5677
6468
6560
3181
437
9290
8972
10439
3836
5486
10748
953
10694
6758
2400
10279
2427
9520
5680
8079
1991
3524
10461
7341
362
6957
3949
10088
2426
10266
8301
9161
6110
6879
4076
7936
5142
4004
10907
5751
9996
8246
5568
1941
4002
9723
1757
5488
7635
5916
7793
1761
2299
10060
8884
6733
2138
8309
6228
9237
4318
393
5406
4250
8399
10185
1710
6877
3027
7165
6637
4589
3188
7941
8044
1271
6237
1648
7054
7481
2566
552
1510
6195
5385
5375
5967
9832
7517
7421
5748
6955
6788
6904
2169
7092
3775
3116
3838
7143
7937
4407
4146
4699
6402
6743
7424
8322
6042
8927
3905
7849
1249
4531
7839
5662
5331
2087
6045
8728
4733
2297
914
8724
4183
708
4037
2100
9539
7387
4958
5023
9196
7806
8617
10719
10559
4796
6255
2537
6525
5029
6493
8768
5334
7631
4127
1064
7150
9261
6705
3328
333
8171
5150
755
5796
2243
1766
5292
7573
10100
3858
2559
10087
10039
7657
7082
10609
7457
4564
5540
9324
5673
2698
2954
10448
5887
9372
5995
3371
8098
2764
7251
8321
4663
8484
6241
4400
3752
776
219
5529
742
2076
2891
2264
6405
10650
4753
1122
4018
4869
8540
4411
6975
8939
818
2028
8481
8668
9624
8059
2300
8433
2654
5520
7005
2595
8408
8801
5624
4868
3716
3682
9446
6641
6514
2510
5739
9377
5630
1464
10445
3954
5525
6078
2679
10890
10638
3383
2316
7235
4655
1230
10351
10313
8239
6079
1196
2071
4445
5560
2288
8959
9561
3017
1024
7182
7163
7296
3578
2189
5987
6574
4470
10134
6318
3215
5239
4690
3662
763
3891
3067
5333
4723
7319
10589
10768
8467
4074
10525
5223
6800
1524
1170
5237
1127
10013
3919
5030
6178
10133
8569
9599
9033
7167
9711
1453
2972
3378
10167
799
2839
10026
2632
7641
6746
5564
8455
8394
7984
10735
8170
5356
3782
9074
8772
7286
9820
5236
8556
6015
5918
5974
9040
3718
5372
9221
8308
5570
2218
10423
7088
9782
9143
6185
6989
8282
3499
6373
2209
3842
7403
2034
2797
8190
3807
3593
8029
8516
2107
10690
4459
905
2612
8156
8250
9368
10778
1187
10482
7840
2728
9489
4201
10148
6238
4231
1616
83
10625
6713
1993
2303
7069
4492
7001
6004
7356
5545
9698
8421
5924
4743
1319
8045
2047
9097
4802
5635
5906
10044
10573
2263
10307
5296
7276
3451
9516
10011
7637
7580
4095
6133
8037
4229
6077
9628
6139
6160
3500
7693
10848
10883
4971
1736
8303
9555
9560
10395
4637
249
7775
3019
4891
6374
9869
6054
6017
9207
10466
4844
2521
3756
8090
177
9551
2206
7427
9970
8868
5473
507
5845
10233
9163
9351
2913
8497
1611
6944
6153
7971
9793
3339
10777
4108
5894
7132
10773
5463
5746
956
9128
8890
5852
8200
7989
1405
7472
3778
1792
10794
7196
10873
10575
8883
9931
9096
3288
3447
5404
1917
10596
3313
6489
8974
9817
4950
3876
296
8712
4899
6974
5418
10376
10514
5942
9759
9454
7652
577
7897
7111
4416
9998
5806
1213
6930
5603
4177
7419
10712
4705
10256
10272
9051
3697
5433
4638
1273
4536
227
4332
10578
9296
2866
7225
3801
8074
5811
2193
2464
9125
2944
1036
7172
5451
5277
10379
4367
4540
9162
9179
4929
5524
3952
2117
4693
8606
5203
6929
10270
5011
9022
6452
4520
673
5058
6328
8418
8330
442
3844
1890
4737
3750
7910
10436
3890
2023
9609
547
9205
632
9085
1420
2202
1278
4114
9468
8691
3359
883
9341
4598
7130
2131
6710
6825
8783
7052
4527
4196
9716
7209
2648
10762
7406
7124
5652
7598
9903
631
8444
6278
339
844
4247
3003
4385
711
10055
10472
9376
9374
3769
7115
9417
7558
5512
4788
4287
9630
4335
6859
8092
5654
7961
5920
1698
2726
689
3811
5506
1953
756
2030
7450
6242
8352
7608
5708
5899
3348
8633
8638
9806
8529
2089
1417
283
3025
929
8063
9411
1893
8151
5095
5715
2320
9897
10226
2009
4563
7260
5639
8565
8531
3743
10321
10038
2415
4167
4996
7266
10220
7485
1055
8760
7876
7906
7891
3176
4773
4209
3147
3934
2571
9322
4841
1211
8826
181
10810
6175
9584
2462
8252
3901
7542
5459
1019
5271
2348
4860
1542
3063
7028
5650
2224
1960
8492
6664
7727
1934
7189
3449
3300
6296
1884
6970
8676
3856
8865
2962
2257
9518
3084
1247
10618
3622
6996
6395
9993
5280
6729
7329
3629
6814
5006
2457
4762
3031
1269
10422
6443
2876
7703
6250
2327
5466
8214
1619
8889
6968
10410
4533
5457
10518
7289
6576
10111
10378
2822
5804
8626
8113
2239
3435
6882
1376
3947
4963
7342
4336
9926
1197
7355
605
6748
6065
8766
2018
10691
3144
7385
4951
9946
5763
7873
4674
849
6386
6035
2740
3728
10019
3575
1108
7032
4804
2178
7200
7834
9800
10068
5288
9206
10811
7673
3474
1048
9410
1154
7697
5307
2881
1057
3380
2703
1325
395
9563
7623
5202
1478
8437
10470
7591
6118
2916
2755
3816
9984
5328
5062
3364
4538
7236
10389
5025
7271
10021
2670
4856
8659
5485
8287
8839
7700
9149
8271
7011
9586
9441
6094
4600
3821
6796
3011
2917
9188
3388
9047
3057
4149
1047
3317
7330
6410
2387
2213
918
3692
5558
6802
4916
4857
9017
3873
5579
2446
9682
10711
9901
3785
4691
3911
10533
3806
947
7669
8888
1237
8347
1744
10322
7317
5340
4222
9012
4355
8049
3480
1647
7282
4715
7828
9780
9024
7809
9428
5417
9809
6895
8019
1769
9053
10295
1125
1968
8182
5683
10299
8377
8600
6436
4303
10203
6643
6792
2546
6259
2572
9837
8161
10164
10462
6896
5128
7327
10598
2077
2494
2601
8119
8474
7965
7565
3075
9360
2469
2069
2529
7030
4823
10558
4015
3641
7991
4078
7963
6270
1534
1092
3445
5435
9755
8235
6511
9317
9474
4218
7927
9102
2283
2207
7074
3172
2598
8196
5252
10355
3588
6799
6991
4672
3685
4452
9568
8741
6984
4641
6460
10394
2763
4544
2143
9583
6064
2820
4924
2491
5460
10251
2155
4497
4728
6763
5041
2515
2731
388
5350
8850
8873
6365
3393
7071
6122
9504
6886
6051
6050
420
3812
7449
4157
9783
10228
2485
4954
7292
7609
5684
3988
10565
5889
5496
8894
4467
641
8126
10620
4644
8464
6568
2526
4340
7261
9014
5965
8732
2022
7257
3677
4212
4507
9593
10700
9623
4997
6723
10404
10421
3742
948
4858
944
6316
10463
5551
2006
4153
3943
7518
4061
6179
10116
8919
5813
9834
2493
7515
467
4738
6226
10343
1790
4632
7053
10524
9664
3800
10178
8770
9751
9287
6635
638
7885
10642
5877
3253
6976
630
8428
1096
8259
8216
10286
3461
1279
764
780
6703
9937
2007
1935
10882
1028
4559
1688
4490
3960
1253
8080
2613
9350
9342
3335
8257
8684
8814
9318
4427
4312
6102
445
7603
7089
8581
4568
5130
196
10564
4323
10064
7960
3875
8836
5060
3150
2988
9187
8542
5323
6807
1210
440
10248
2915
4378
8632
8477
4392
7572
10316
6862
1456
9942
9813
10492
2242
1146
10829
7414
9475
5293
9739
4609
6500
3715
6931
5694
9544
6352
1715
8587
6842
1728
3503
9794
7733
2309
6180
3486
6690
811
6202
2785
2810
7868
5968
2874
8573
6184
6090
4465
5366
10726
3293
8812
9313
7940
2809
1330
7060
9185
6025
5686
6417
10879
9310
9497
5953
3375
6621
10387
588
5949
3250
8104
5565
10904
6458
7305
10300
1002
319
6751
7016
7519
6456
7445
868
6534
7538
8690
6891
767
1746
2751
5038
10242
4216
3694
10765
8165
5108
807
9413
2697
7339
2179
2185
7962
3351
904
9390
2123
8208
4926
4917
1852
9774
2674
2216
6823
4163
3267
2963
6095
1352
5493
8818
3493
9737
8670
3649
950
5005
2750
5467
5170
9515
3783
7063
7869
9077
10197
8700
8734
5721
10109
1663
2780
10709
8110
10058
2937
666
5422
2539
10082
9666
8333
4969
9088
867
9494
425
3660
3479
8833
4553
8910
6249
7704
8572
6400
7776
4012
7916
4808
1681
5078
5975
8468
10845
2281
2119
7913
7223
6439
4080
5602
6630
10253
10377
8015
9966
2713
1459
8571
4331
10806
5258
10552
4404
5959
3137
4545
2038
3166
10027
3888
10740
9412
3676
4889
1334
2767
8379
2631
5599
5210
7230
9028
10850
4798
5960
4843
8752
6812
5490
2481
1543
5799
1718
9086
7835
1250
960
3932
3798
5756
8920
517
1591
9478
8359
498
7663
7140
6848
10339
6108
6047
6467
6098
4483
5745
4091
6070
9758
5434
2690
7999
4387
7277
6380
6650
2012
1412
10656
6919
8478
5576
7786
4478
4724
10830
9749
4475
5500
6822
1327
3343
10428
5600
9127
5272
4779
3353
8804
10758
4685
6826
3135
6949
9691
9393
4658
8871
5573
3646
2434
5553
7439
10413
3325
10277
3173
2898
6924
4188
5738
1597
2507
10314
8096
6032
8721
9204
9375
1386
9124
8150
6971
2825
10477
3529
10269
1349
1522
2765
10611
6138
3995
2759
10040
10403
7043
10003
5572
1709
5399
3966
6240
10291
3633
10259
6448
8482
10326
9988
5305
1625
5919
8269
6378
1444
5783
2235
7578
4612
643
7023
8657
1615
5484
9642
4935
9469
4469
5211
1161
9405
1571
7204
7152
7571
2124
6515
2383
4105
7926
6939
4251
7898
922
3235
1429
10142
10175
7852
5628
7612
838
6532
10682
8173
6314
6150
9919
6101
4202
4136
10338
1085
8006
3098
10193
7946
4903
4175
8274
8667
7582
10622
8220
3218
4154
6926
6086
5037
4200
4357
3630
1403
8800
8025
4670
6675
5401
5348
8146
3207
7184
5837
9301
4962
8613
195
7476
6309
1099
7238
8003
161
2940
4659
1369
3012
7154
9657
332
7301
2074
5458
9499
2424
4879
9436
1157
10683
4173
2141
8228
9932
10359
4350
8819
9733
7955
5536
5925
5052
9981
3930
2262
2889
7706
6684
10858
9683
10747
5251
10113
9354
5430
3104
8615
9929
9066
8231
9284
6331
3373
5179
3196
8157
4813
3978
8885
4771
5947
1788
9627
8658
4098
9600
3958
9667
2088
2918
2220
538
7144
9240
9045
9771
7787
2445
5057
8954
7098
6244
9034
3570
8435
4112
10723
7093
9955
9742
8847
4832
1222
9371
5022
3776
10247
8916
8981
8611
6646
7767
5873
7735
1391
4800
3151
10813
4198
7531
1066
2907
10094
3796
6368
7040
829
10001
10593
9927
3372
9194
10527
4203
6928
2536
8243
6485
7720
7278
6714
6144
9987
10673
8476
9056
7390
3680
6481
5588
8061
5961
6878
8064
10761
10309
8071
9166
5838
8753
9442
10018
5938
2605
1317
340
5456
6573
6523
8642
7381
4817
7418
1972
9535
8687
8327
5298
119
8202
1198
7478
10063
5777
625
1961
4616
8034
10194
1425
4193
4593
2420
6730
7263
4834
1903
8432
7529
2574
10034
1933
4932
7728
9847
7752
7646
1969
6327
9687
4079
4058
6207
9796
5700
5075
6145
2277
8004
9798
6819
232
9922
6657
2669
4233
4907
7162
10263
10312
9590
6068
5780
10362
2019
5501
2575
7803
491
9278
1517
315
8364
4923
3893
8351
8068
6260
10610
6197
1471
4647
1265
4092
8024
9339
6459
4575
4413
5026
5192
4134
9271
247
2754
2078
4694
7797
9467
4252
10894
5668
7125
10221
10005
9724
5747
6230
5841
2444
5013
9909
438
4847
5291
4293
10536
4402
5479
10163
7104
7942
5515
4281
1909
6841
2692
8782
3298
5550
9511
2413
3551
3745
4486
10260
9362
152
9193
7607
10453
5180
10503
10202
10105
2877
4137
3237
4447
10665
5869
4104
8502
4195
1037
7511
5245
10353
346
10798
9253
6610
5998
2025
8058
6934
6752
6311
4708
10649
10357
7128
10264
6665
9969
6506
9394
10469
8251
10238
8203
10653
9460
5380
1289
6784
765
7980
9830
1641
3693
4756
10779
10119
5674
3610
6564
5508
9833
10478
10200
6231
1101
8709
9570
5489
8021
6082
10519
5337
1895
8945
1782
4975
9507
1016
8378
5931
8302
5912
4049
1700
3922
817
9023
3466
3370
2333
6233
4783
3272
9164
3884
7748
7759
9727
1310
7853
7888
4455
9953
9002
9842
6911
8441
1370
10342
3542
8997
1341
6849
8678
8192
6744
10479
7186
5419
1371
4863
2992
9527
1520
5411
8100
7859
3148
6735
7287
2390
7974
4840
5387
4534
6946
10668
1081
9876
9852
3284
2906
2863
10385
10017
7912
4511
2729
3753
9217
4855
9828
306
5082
4896
8917
3706
8641
4145
8967
9729
8305
4999
7139
523
3650
6847
10857
884
5736
6756
6873
9612
5024
9055
9316
7860
5071
1634
7959
7642
2538
6267
4277
2221
10849
10474
4007
4508
10614
4322
7062
10591
9299
6734
3625
9851
8637
9895
357
8767
4194
9611
6337
7718
10781
8417
5199
9888
3115
7404
1153
1683
3959
10460
9689
9445
8750
10369
3123
9272
9856
4569
6672
6559
10788
10072
8822
9579
9069
8232
7108
5734
2378
747
2174
4339
7441
8278
8706
9134
8445
436
3857
6952
801
2629
5886
2657
8038
2787
10880
7435
2904
1655
3738
8566
8512
4681
9131
9323
5086
1516
8733
8861
7731
2753
8401
7331
7181
9479
1776
8846
1142
10763
9899
2861
2254
9060
10227
1978
8424
10347
3282
3859
10000
6978
7311
7521
10184
5124
10217
989
6889
2497
7789
9059
7026
8952
3518
5059
2862
387
2724
896
4626
8582
9914
8661
7907
6914
3130
7083
10522
6838
10265
3093
10356
10531
10767
3563
5983
2463
9356
8416
6692
3987
10189
10398
1530
2175
10715
1195
9546
9530
10115
1204
7466
7990
1725
4035
4192
2256
8693
9921
10239
10431
8648
10792
2112
8012
5329
3079
8551
5438
1946
8592
5391
5737
6280
10745
2777
3763
7983
6387
8354
6130
1547
8356
3302
6269
3170
6887
8546
3638
3381
7290
4253
10553
10659
10854
4199
1123
9459
2490
3655
7256
1030
6906
7754
9449
1084
10397
5035
9900
2774
1997
6901
2712
4131
10615
9095
3418
2636
7360
7812
4345
7332
3770
3762
6961
9845
7194
10707
3249
4528
5155
5980
4524
9521
6546
6016
2890
1051
882
9247
10444
10590
10706
8043
1587
3202
10612
6322
3675
9714
8623
3357
3823
10833
9603
7085
8835
8763
1689
5390
4579
1800
10526
2137
1426
9306
2964
6256
10384
10151
10212
9167
981
8692
4546
3895
354
342
9335
4473
7732
10371
1966
9923
7156
7075
9200
308
9094
8990
6617
10720
1658
1491
5000
10701
1316
5991
2180
6423
3613
9754
4607
10258
9839
2903
4186
5749
3463
7567
8035
7675
10340
4263
5956
6892
8266
9997
6298
6833
5105
10741
7097
10696
10140
4887
2769
5002
5835
3274
8224
1661
8759
7440
8346
8199
10730
8816
5200
5904
6933
10500
6023
6921
8791
7374
6213
3940
10626
7555
5498
8485
8124
5126
7049
6426
8031
10330
10647
5667
2970
7029
1913
3558
4290
10126
6554
6056
10319
4567
353
9534
8664
3306
4763
10241
4874
4398
7911
9554
9145
8583
5772
10853
4441
8005
4180
5988
3236
10814
10732
5053
8506
8082
6041
3509
3532
1077
8323
2200
7994
7947
3771
2492
9572
9174
3350
3126
9552
1805
8491
4944
9775
5034
4008
3719
8831
1666
10255
7002
2695
7218
10062
7003
8227
7312
8694
1382
5895
5397
9447
3367
10586
5706
9502
9214
9726
617
9646
7474
5361
10186
997
7738
5871
7113
5884
6370
6647
4168
2346
8918
6695
4190
10381
5982
10090
6216
9680
3009
6165
8463
8480
7096
7928
9308
9414
9070
6127
6033
7774
1004
5788
6701
4837
3018
9701
9983
6186
7486
9529
9222
5814
1870
2392
9644
3105
4505
3962
6640
10275
4955
7968
10093
9303
9311
4279
9870
5353
8518
7061
10607
10751
8475
3539
1784
1758
10511
446
4902
10743
5717
1980
7452
4981
988
6012
5436
1137
6721
9906
6797
2085
4764
660
7543
899
9670
6239
766
2707
7595
5928
10190
5929
9772
10209
8101
5816
4895
6676
8643
10887
8425
5476
7149
7434
1811
4029
5926
2853
4927
7541
9618
3238
8640
4041
5605
3404
8603
10024
10687
5764
8973
10078
3412
9639
9658
5287
6927
10512
4346
9465
3464
6801
9795
7739
3942
5601
1446
5405
514
10254
10112
9075
5014
5231
1798
8991
4034
1326
9286
6006
7664
4930
7354
6524
9483
8686
9242
1350
2403
6246
9347
10281
6698
9216
7611
10831
9248
4232
5362
9030
6430
7918
3924
8535
8488
6718
8530
2289
5556
7246
10869
2135
8562
6499
7248
3206
8241
4754
5606
4449
10236
4710
8785
6058
6599
4881
4572
1945
5769
7895
5757
9492
10600
8264
10182
6658
4393
3760
7711
5134
10865
6912
10417
7958
6907
140
8363
3678
4629
5243
1202
6474
8622
7920
8746
4314
10302
9781
8519
5776
800
9725
10549
4170
6951
6985
5050
5774
3818
6475
4338
2776
3744
7190
5442
967
5403
532
8914
7896
1106
6104
5137
3979
820
4719
6129
1166
1236
10716
4077
8817
5464
4654
9245
8013
10727
3471
2617
698
9776
2642
7380
9878
6162
8403
7658
5441
8915
1490
4499
9893
6866
10572
4462
8944
6116
9461
5285
160
1189
9042
1787
7887
2932
8085
4730
4165
7921
8957
5020
8511
1027
7705
1892
3184
5027
1242
1598
8527
2588
2472
2850
603
2338
3085
7714
830
8815
6668
5008
6096
9168
3189
2504
6507
7208
6172
6158
4361
2948
10104
3723
1779
9703
6941
10361
6057
10909
9269
903
4894
4836
6465
2902
3853
369
8662
5791
4702
9994
3197
6844
2662
242
4815
4835
9634
4226
8697
1147
9910
2857
5318
5326
1264
1448
10029
6020
2318
2659
5472
8584
9175
7343
3342
10468
7708
8438
4223
2808
7178
8369
4185
9816
4171
2418
4673
29
7820
4129
2821
2438
10188
2994
10900
4660
10219
5911
7586
6433
7592
2352
8951
8875
9105
4518
3671
6789
994
828
6778
5993
9189
10538
10320
1381
7009
4164
6040
5542
10028
10899
2043
3264
4019
8393
7576
4671
3658
4139
9346
3078
6299
8306
6981
5010
7871
9038
2512
2802
3938
10225
9071
7923
10139
9198
10213
3555
1477
6572
7645
9262
10795
8774
9802
6662
6346
5158
5875
3154
8677
6954
8315
6830
5017
6958
6018
7596
8234
9068
8886
3772
9770
1129
3448
10096
4113
5311
3560
10528
2513
9881
3109
6114
10597
5147
1357
423
779
3369
7690
6864
6069
9133
8649
3984
10211
9752
492
8953
5834
6633
716
10661
9052
5270
6618
10634
4748
1737
1646
6462
6831
3436
7583
2041
9263
1359
3183
5114
2111
9178
4464
9588
3080
7858
9706
10667
8218
777
5139
2010
10550
3363
1923
4701
5072
6099
8077
8186
1498
9058
7893
2693
10790
8263
9050
4069
7975
9425
6284
877
957
9915
9575
5962
1079
8961
4859
7168
479
1531
7654
3773
2991
2730
7039
8204
8576
5480
9960
7004
6321
6724
5148
9728
4706
4816
1809
5079
1049
9231
6607
1692
3632
4144
3223
1610
2961
7773
8060
4011
8028
6806
5505
5191
313
5036
441
5797
9224
7123
2867
9378
9709
2422
8558
6766
43
6490
5557
8174
6964
7078
5978
7412
2921
10427
7902
1358
1897
1177
7102
10530
7791
8538
6425
10757
4994
2556
1288
10736
151
9999
3827
10033
9107
472
5903
7176
8122
511
7058
3419
2459
8947
1999
1149
9836
176
10107
10458
1795
2939
2938
4825
808
9307
3896
4878
9949
1891
5830
4588
4592
536
5426
8260
2036
9352
10325
8996
10760
7087
816
6190
2649
5940
8430
7284
9753
4421
10851
940
5732
5910
5831
1254
10508
1025
5750
1684
5510
1145
7826
7241
7336
7507
10543
5309
2718
1577
1874
9402
699
7557
7884
10502
8675
2984
4316
5267
4583
5697
7854
6638
7747
3657
670
9283
10629
7202
10170
10008
5398
1896
3225
10146
10602
10294
2544
4873
9766
5257
7821
8548
2509
6372
9947
5534
9453
7461
5709
10539
6594
3635
5376
7110
10137
8716
2058
1475
3977
1001
7502
7437
7119
1484
4880
7510
10679
10180
4259
7067
1990
10639
7298
8340
7822
8758
5087
9649
5885
797
6092
10161
9889
10348
2040
3904
2307
3460
4437
10911
10681
7438
5810
10838
5613
7398
1044
6880
1088
4707
6528
8597
10214
6817
10429
4614
7638
7599
4539
6477
2585
7892
3651
8858
7785
8163
2163
4260
1785
10450
2495
2042
10567
9547
8328
544
5822
10725
4274
3546
10412
7676
10230
6215
5614
7386
2520
6678
3134
9746
10010
5842
9291
4882
7729
3674
8069
7320
432
5802
4461
6598
6739
6074
10358
4819
4721
8842
10476
3002
6948
7493
2978
447
3597
10789
1791
9110
7696
3673
6747
3968
1483
2711
10035
9971
4365
9855
6745
5642
841
2319
6093
3755
9585
2688
8370
4615
7299
9980
5439
4207
4516
3082
10438
7628
3761
6469
6169
7799
10057
6935
3825
9846
3143
5526
4106
8852
9408
7875
10584
10510
567
2550
8147
8983
8820
10808
6566
5690
8621
2219
10684
2762
3059
10282
8650
8311
2573
6164
7618
6850
1998
7561
8106
3496
5299
10666
8788
1415
6279
2332
4587
7295
9020
5125
8824
9011
9355
9329
3077
4931
6538
9761
6947
3042
6461
4489
9948
2859
9643
7280
7363
5445
6305
8966
4047
3935
7547
6592
10807
10014
7431
9686
10769
10075
7915
9743
5300
9513
7780
8400
8176
8864
4532
9967
1760
2449
5872
4327
10658
6141
8993
2113
10443
7689
2099
7205
1772
8510
7349
2344
3323
9357
9265
10714
9406
7426
7101
1089
1546
3060
7482
8215
1814
8627
9130
5569
3894
7107
5111
10207
10484
865
5297
4830
8360
2514
4275
4487
2896
10786
5044
3457
9788
8652
9007
5692
7605
7501
7736
2687
2849
8167
4083
10827
1906
3169
8557
5188
9606
4990
4496
8318
8902
2920
9081
3511
2775
7224
4888
5487
5073
3732
5994
8357
10331
2128
10632
5424
5160
1745
7407
4379
7701
8470
7300
175
9139
1651
5725
6005
1332
3013
7863
8549
1695
5122
9048
927
10061
9476
2723
4500
7505
8599
2931
7579
5080
9891
9044
8564
3561
805
77
3620
7796
8674
3477
2848
10663
5088
5812
3802
3311
7216
3099
3817
6642
9327
1812
4466
5829
2968
3832
6091
9526
7195
6768
8749
4775
5012
6442
8507
3482
8265
6421
2880
6533
821
9757
4661
9660
6693
4561
7741
6464
10540
8937
7121
1324
10640
9501
1073
10645
5295
10426
316
10106
3514
10742
7293
10249
10004
10897
6067
3481
718
9309
9556
10520
10449
4918
10787
5118
10098
7993
8786
6858
3111
8158
9677
2719
3774
4979
6236
10746
5883
2482
6338
7587
4414
4102
7660
5585
10246
8880
5771
4225
7649
4324
6969
8704
1872
10234
8245
1638
5283
10513
4603
7908
10644
4306
7636
2772
7274
3862
10604
9080
7562
8229
9062
10409
9831
4651
9886
3997
10346
3468
10432
10360
1596
8671
4884
2928
4883
10840
9288
1061
2317
2136
10660
8731
7091
546
2153
6355
1499
6406
10497
2230
10069
5195
7114
2868
9333
8489
5760
8942
2496
10240
8737
3552
6450
7304
223
6344
7351
6785
10297
8434
9470
3450
8206
8219
1566
9519
6818
9171
5541
10085
9835
5099
4838
6595
9523
10447
8803
9819
6152
6667
6910
4566
6319
3505
4158
4809
2095
6738
9035
2792
2389
6188
5973
8521
6588
8797
1427
9860
4915
10627
8130
9565
8830
9455
5067
8867
5369
1831
7453
3777
9854
1888
7762
5952
5563
1112
7373
496
6609
5944
5897
3440
8255
9079
4439
7716
3586
932
1832
372
5194
7995
10245
4991
8522
8798
7159
7436
1158
1544
10878
7377
7345
3094
4364
2325
608
6855
4410
3256
6262
3736
1335
7057
4006
3537
6037
6285
4270
7881
7668
10734
6552
4363
4602
4639
10703
7213
3248
8041
5056
6124
3887
9550
9136
10535
6777
4956
10592
1029
8213
3296
10759
8685
9671
1609
9566
9807
4017
2414
4491
7488
10336
6066
8116
7465
2875
3877
2374
2086
10073
2833
3421
4548
1595
8297
1389
9704
6762
9389
8189
10819
9990
7581
9916
1445
2519
8568
712
2960
1228
9343
54
6836
6105
9036
8895
1430
8191
5671
9991
3944
7346
10205
4369
7179
10783
2893
8789
243
1763
2720
9000
9791
7090
9571
3729
10141
9995
3287
8949
9692
3438
5304
8066
8076
7855
2055
6029
1905
6304
8256
6313
824
8777
3831
9415
4289
6283
9979
9192
331
3219
9690
1097
10080
6151
3605
3259
9210
8792
3279
875
5068
5102
1550
7672
2929
6950
9285
4417
8936
9814
749
8314
3609
9892
8326
8806
9506
5735
7471
2506
6905
9444
9764
8970
7174
7935
1931
5217
6508
968
9254
8162
5076
3587
10091
9112
10153
9039
10416
3096
10817
3268
8707
8574
5984
4953
3245
5083
7866
5544
1581
9617
1428
9026
4793
3645
5992
8221
2160
3600
1338
5815
8197
3639
7106
10749
4682
1046
5342
10843
1529
10179
2349
10025
6168
9103
3955
6303
4774
10872
3989
9684
3748
9973
1098
6527
4071
7621
7473
2843
6860
6317
6326
6606
9137
1713
10689
10802
6913
513
6211
8312
6147
2975
6053
7270
8027
10459
5666
7041
7626
5805
6779
4381
8775
10576
3107
10815
6619
7494
8454
7206
5789
4328
2362
3227
5225
6466
8067
6204
5970
2619
7824
10855
6342
4241
5986
2548
5127
7594
5205
10306
6454
6840
8211
982
8539
4525
4599
3476
2456
5530
2286
2549
7358
5711
6875
5368
1461
687
10842
3483
7616
10441
8054
497
4087
4734
4550
3379
3879
9838
9305
5232
1958
3666
2717
5821
5651
6163
10114
8744
8460
10280
7237
5825
1363
2974
7217
4829
8134
483
9282
9823
10406
8604
8809
7725
4739
7180
5833
6741
10820
248
8011
8922
9589
6059
5722
9972
6409
2483
2186
5394
6062
10446
10223
6717
10621
8040
2680
6987
2555
6220
4285
8710
8300
2416
2927
4031
10548
5699
10718
10435
10733
4967
6587
2250
5233
4885
9918
7433
1943
2815
8332
2773
5934
3462
6488
7804
6708
5055
1163
9613
1977
9294
171
7253
9344
10902
8385
3926
6254
7048
8882
683
460
10077
9397
2966
10544
7281
5691
4066
2105
3612
2568
7425
4228
9595
1039
4313
6936
9898
4419
4576
3097
6429
2725
4833
3145
9578
4278
4866
3585
8780
6548
3318
4248
9850
10122
9811
3574
5868
6903
4634
9992
4839
4949
2934
6275
4075
7534
2260
2799
7375
4033
4759
7795
3052
3950
6561
6529
4799
6034
9353
8115
9116
3365
5636
3739
1691
3459
6171
8496
9440
4948
7817
4530
7242
702
771
455
5675
9648
1346
7948
7956
1104
9115
6177
4742
3556
9100
9896
5483
5618
7135
2384
2540
7122
7745
1282
9148
7031
2429
2586
3562
3203
2132
2301
4633
2701
10828
7687
3573
9712
8056
8499
6502
5893
8132
1337
8249
3679
6629
5383
8547
9718
936
833
5314
2749
8933
3717
8175
4368
7458
3908
9015
8209
2583
9954
9184
7175
1526
9803
8619
7006
7084
4456
5265
8689
10863
3976
8666
6691
3374
4501
5468
2644
8381
9873
1015
6827
5212
10870
5695
8765
2363
2140
3265
4442
1824
3072
10728
2405
4551
2205
6385
4388
8279
5197
10588
2633
7314
3906
5345
2708
9602
7275
10243
7779
7825
8319
3040
4746
6874
8528
6382
4213
4064
5781
6494
8440
3153
4716
10099
3991
9678
4945
8107
7185
848
1107
7133
2626
10884
5704
4757
5759
5719
4025
5413
2534
5332
3872
3549
5381
2214
6412
3420
8084
7900
8567
8123
7027
714
2590
9822
10154
4515
145
5273
21
4807
5259
7094
6798
6591
6663
664
1764
10171
7138
6478
7394
10537
10042
7219
7552
2795
9548
10032
8813
7771
9812
2447
7250
10303
1410
7988
7730
9273
5161
2313
9653
185
7726
7823
10152
10881
3338
10399
10304
4179
6306
7479
8062
10402
3039
9880
4826
6781
6203
1952
5325
3376
9762
1565
8932
3053
9965
9434
2908
10386
10157
10392
7021
5146
9176
2530
4679
6431
3467
1866
5591
8784
3243
5801
9777
6674
5074
9720
2646
8294
5787
5507
8681
8317
965
6159
6001
9330
2594
8010
9767
4936
4827
8541
9908
5248
3740
9093
10675
2814
520
3432
8928
3439
6100
2996
10895
7982
9443
8405
7321
5676
10237
2983
5119
5589
5051
10571
10835
377
4806
9472
2237
7575
4646
7220
9063
3241
4947
930
8998
7964
307
1735
5471
4189
1712
3749
7932
6526
10605
10103
2551
7226
10577
9215
6156
5164
7682
9968
3533
744
5163
8756
7103
8745
1762
5047
4913
6022
8154
5478
565
1407
5752
9581
8795
1434
2831
8233
10332
8856
8367
2166
1677
6123
609
9710
3334
7761
7294
2965
8153
8618
5276
6219
8396
8404
4380
2075
9046
6126
10705
8391
2936
9190
5592
7193
7344
5106
9700
2981
8349
7954
8515
2026
4864
5264
6192
6258
8761
5880
2421
5392
4718
8665
10401
1605
10678
5582
6121
6003
9008
1496
9675
9558
3220
2382
8612
5863
8339
1058
6979
10836
10354
8141
9490
3168
10092
4760
3198
9694
10464
8184
4276
10016
9429
6007
1984
9019
2073
7297
4000
9340
2783
7376
5999
7065
8137
9049
1939
7170
2558
10888
6027
6111
5549
1682
9140
9001
2606
9387
8422
10174
761
3182
4268
7164
6455
1134
10083
9120
3157
753
2452
8275
5178
7099
9629
6960
10489
3607
10475
7604
453
4925
9938
9380
3889
10771
6411
9072
5120
8903
9418
5865
695
10521
10117
8720
2223
6324
4315
5800
1342
10583
5491
9005
6427
2682
9101
5031
9610
9117
10617
7943
1593
1916
5957
4678
5481
5578
7469
2541
5378
10699
8935
7625
2714
4453
3581
8912
6155
3986
1493
8253
10363
1243
394
6354
1551
8823
6205
4624
9827
10669
6696
5641
5321
317
5724
5412
2324
4468
3848
2700
8560
1203
4908
873
3536
10821
5964
10334
8276
7340
9879
2366
5843
2716
8778
9366
6632
326
5346
2681
1297
6551
9917
9027
4537
8237
6624
3226
7677
6843
10574
6415
10252
7973
6393
10803
8956
5219
10654
2397
8781
1608
7076
4573
2001
5176
8754
6483
5758
10053
3285
5070
8442
6391
1070
7157
599
6760
8601
6982
9258
7877
2924
4337
3242
3880
4976
2470
7627
2451
9790
569
4591
1408
10710
5098
7495
10546
10333
4910
1697
5647
9197
7953
7939
4479
10123
10365
8807
9249
8142
10160
7553
7198
4998
4396
2473
10424
7192
6413
6773
1422
7443
719
9370
3565
6437
8420
3041
10651
2271
7574
8575
397
1827
6790
8971
6183
2949
3948
2488
10499
3789
3850
2373
3616
8449
6173
1929
7969
4758
8086
8042
8262
10772
1786
5660
2265
8610
8436
2737
1306
9138
4789
3414
4060
10156
5344
3590
999
589
9369
4766
4675
8537
9708
3193
5504
6732
5963
3569
5685
741
518
7389
5566
8748
793
8769
10350
5698
10191
10473
5249
6920
168
3527
5902
4946
6076
3553
10595
245
3826
1401
8503
9638
10456
1743
7986
4822
7496
1801
850
9525
4787
2079
8047
4960
6503
10344
7951
9890
4341
5874
8986
7259
6627
7353
9246
257
6357
10750
3965
10181
3634
2394
1355
1717
1804
2706
5284
5449
9336
4622
6329
3525
6388
8292
10606
10623
6616
3791
2691
6608
9255
7656
7024
8854
3851
822
10871
5045
10375
3941
3228
5625
3636
6420
5379
10273
1277
5864
9731
10317
3579
3869
10631
10633
8730
5416
5220
471
996
743
10599
9804
10216
7938
4985
3128
1375
10006
3290
7815
6334
3982
5616
9230
8286
9957
5388
5554
9108
9029
3764
290
8296
6824
1732
3489
3846
3681
5844
9532
3619
7148
8462
9404
9462
7347
10400
10176
8284
10722
8616
9281
2159
1492
8335
6026
7309
8384
10471
7042
1160
5730
10285
7080
6867
6832
10036
6353
8843
9500
8715
7283
9741
634
9679
9884
1307
4471
7399
10893
10896
7137
1152
7158
8708
2101
3945
6645
7044
10915
8268
4215
8840
1855
5386
8794
4861
3452
1005
9904
1362
3702
5720
7456
8887
5320
6356
4351
1851
4560
5707
9123
6087
2125
8735
10648
8494
1747
9549
7650
8402
917
5382
4619
1404
8965
1470
6586
6362
9228
3867
5656
5359
5247
2412
5081
6893
2215
8108
10051
6736
8898
9104
4854
9064
9432
5682
6089
9420
8261
7659
1806
7723
9853
3813
4291
3580
6712
8614
5773
3860
2066
10809
3543
3337
5389
10323
6549
9106
10713
10129
2240
4649
5612
5935
8978
5227
3023
6315
6381
10566
1472
10364
9871
6707
9673
9141
2102
7306
6394
8097
2118
10670
10782
6871
9297
2791
6631
4952
6187
7234
3330
8892
10635
10488
3687
1215
3392
4084
9951
6224
8702
2182
4922
1074
686
9536
2658
7232
7685
5626
9582
3423
5228
4640
5437
1869
8180
2164
9061
8057
2280
10454
6310
4372
7644
10891
1383
10408
3584
1711
3559
4476
10641
4556
4399
8849
1629
10419
3490
4310
2292
7957
1690
8508
7661
4040
3056
9482
9748
1720
10043
7972
5135
8505
5840
8762
10056
7079
1756
4625
6403
6688
9902
9592
10195
8625
5900
3397
594
4555
7584
8645
1080
9801
10785
9363
1816
9180
7753
1201
5567
7055
9199
3431
9745
9651
7506
8941
6837
5955
6620
8089
4133
8483
8672
7451
6581
9986
2873
1128
5330
8532
1901
3917
10579
5174
6653
7850
4128
6661
9481
4142
7589
8738
2671
10805
6584
5497
7254
9232
4204
7717
3642
3454
8051
8273
10491
360
6783
9270
9292
1447
10433
6962
5713
1656
2705
5214
6742
4329
10076
3336
9160
7480
5475
1959
8969
6516
10414
8145
1013
10173
1582
8188
6495
9605
2950
8593
3784
5452
6486
1879
8926
4458
10215
7667
1794
1150
9699
250
8821
1910
7447
3714
9004
8931
3983
6297
10569
955
1063
9911
2770
4147
7077
1009
9396
10823
9345
9619
9815
7245
2177
3601
6390
5950
6519
8072
1281
6885
7401
9964
7459
4993
4135
5175
7715
7129
2911
4562
10507
3822
4810
8513
731
5943
10692
2410
9043
9510
8337
10138
2431
5279
10775
3255
7848
9514
2577
5363
8808
7350
6367
3356
3303
355
3004
5364
1783
8848
4582
5596
1023
10744
4376
2251
134
4986
6809
4184
8870
6816
10776
2096
3981
7214
9463
3878
2522
8740
5775
6247
5854
3689
5216
7976
10731
5462
3333
4594
5384
10616
5696
8628
1970
1168
2709
1987
9564
4485
2524
376
5733
10885
5803
9211
3871
4872
5575
4669
6358
5157
7155
5395
7423
9681
4382
9209
7548
9159
1951
1640
9119
3504
3032
4429
3044
2760
9553
4115
4995
9740
10235
7949
10839
9956
7992
9868
2203
8654
9958
2860
6897
10674
6157
8589
10374
4482
8755
6312
10125
7444
8609
2615
6245
6853
9977
343
10349
3969
8127
8934
6846
9857
7141
2748
6261
2525
2244
7008
3652
2500
10737
1748
3347
1136
9302
10764
8891
6596
1184
8288
3582
6749
6320
2372
7931
1589
6769
2475
6214
3221
3886
3270
7639
8088
5132
9940
10867
3592
7554
4776
9244
7512
2689
9779
3326
4375
9989
4590
4217
7227
10509
734
1017
9121
7146
7395
6634
1399
10457
3185
6274
7325
6649
2819
5190
2630
7944
3278
2432
10498
3521
7291
9226
9784
2208
9182
2354
6383
4606
6487
7772
6268
10143
3443
7813
8456
5517
10158
1645
9485
10800
9697
6332
810
8135
2624
8230
9426
8841
2084
9212
4549
7126
9384
9083
9264
7966
2190
1439
8320
2803
1299
2591
8447
7526
9250
5066
9422
8533
3244
3758
7778
781
6263
4280
7566