404
731
289
662
701
390
821
491
776
149
196
676
73
658
611
502
597
355
512
691
429
364
244
582
379
862
98
736
424
700
346
115
327
294
192
728
351
481
132
205
724
628
635
53
438
17
849
812
403
698
463
43
786
135
41
564
371
664
288
794
716
5
227
206
243
510
741
96
532
47
334
534
283
540
209
78
185
713
758
857
240
291
37
122
672
634
503
22
18
148
432
303
652
848
380
809
570
169
97
811
485
417
44
11
663
223
344
210
408
203
546
141
231
232
625
533
411
833
319
516
211
586
215
6
305
25
297
657
511
783
640
70
519
64
383
84
763
381
847
609
201
233
274
430
214
330
23
561
831
677
326
444
414
200
323
601
246
113
650
554
881
645
236
422
508
388
65
654
587
627
553
176
450
14
576
687
156
494
147
489
589
779
369
513
509
300
441
360
874
703
651
376
817
866
837
605
8
746
801
138
870
493
406
448
738
120
492
234
418
602
851
615
442
770
882
842
248
880
855
116
578
16
737
358
616
896
688
184
487
336
295
434
12
387
58
595
81
302
584
342
309
861
347
859
524
301
284
704
107
194
486
626
133
69
290
313
717
594
219
263
331
497
139
30
85
759
345
377
818
322
768
170
506
744
88
719
466
435
191
335
40
803
720
151
257
260
475
520
721
95
531
187
112
778
56
286
413
757
31
163
732
265
773
828
708
131
883
888
354
155
496
105
530
814
87
373
165
42
752
164
538
761
743
566
278
788
898
470
175
885
869
343
443
109
765
830
537
462
474
247
515
271
94
734
363
396
237
428
476
80
114
66
730
854
39
310
142
230
308
281
128
777
188
127
610
50
224
2
772
36
54
563
401
421
339
137
324
613
526
394
877
393
892
182
667
458
171
208
123
83
298
86
873
845
157
104
252
204
287
760
38
675
264
277
872
154
193
522
514
588
365
838
412
742
63
711
806
673
552
427
832
548
27
618
317
709
24
820
684
666
840
13
600
682
437
356
62
702
797
315
593
464
754
574
195
527
79
160
269
268
620
573
60
889
580
473
629
769
632
320
202
535
276
242
253
745
415
423
33
507
694
34
649
57
217
91
82
449
76
726
100
636
562
341
614
471
860
623
808
695
213
134
460
577
714
280
829
697
679
690
826
483
495
729
146
800
639
250
706
395
352
541
266
653
106
612
426
152
467
723
254
177
316
338
251
28
641
372
190
416
791
245
199
668
166
894
456
212
189
433
747
67
361
307
121
846
718
198
29
539
879
622
799
292
124
792
119
843
9
255
375
678
521
793
261
420
771
45
72
229
386
887
680
440
328
617
619
108
551
174
3
226
802
685
549
318
1
366
306
398
197
49
670
686
660
218
528
399
753
710
181
749
681
59
482
400
382
798
789
766
815
693
707
216
674
785
275
557
893
739
172
498
897
26
727
445
529
337
560
822
558
876
459
150
178
581
10
572
118
543
225
293
126
256
153
159
536
603
262
751
68
239
228
183
756
683
665
378
780
836
101
332
647
550
259
321
839
409
499
314
436
544
32
350
852
795
19
646
784
834
173
15
93
782
488
167
865
621
583
556
871
267
77
353
468
61
875
52
895
359
136
48
518
455
46
249
465
604
884
630
357
867
547
362
220
796
767
598
186
659
419
158
299
446
285
764
607
853
762
555
125
425
692
402
4
117
890
567
858
596
669
500
397
140
608
505
221
168
886
750
705
804
451
755
819
807
590
775
35
575
304
655
545
642
340
899
374
452
367
74
591
878
891
258
325
21
599
568
844
479
542
722
725
774
75
671
270
787
370
813
179
391
71
296
384
385
222
661
103
644
99
696
656
207
816
273
410
457
484
579
585
143
841
110
162
648
461
735
454
439
638
624
501
453
130
565
348
559
20
715
392
864
781
835
431
856
90
7
790
827
469
740
699
633
569
389
368
478
129
111
712
571
523
810
733
279
51
238
805
525
490
241
824
55
606
447
850
748
282
631
312
407
592
311
637
825
145
180
823
477
92
89
472
863
329
161
504
144
333
643
480
517
868
349
102
235
689
405
272