256
195
109
22
66
55
230
32
102
281
62
226
70
10
284
229
228
240
20
174
80
113
197
218
318
95
14
212
54
123
204
47
57
164
261
269
41
235
279
184
236
19
241
110
221
250
326
207
322
193
211
194
321
92
56
262
45
171
143
1
210
166
7
89
157
83
168
78
153
203
88
292
239
302
278
316
208
181
4
190
309
225
105
50
126
289
304
191
260
68
79
61
136
156
33
146
183
216
46
258
178
134
238
100
272
314
185
287
25
12
129
144
42
176
253
130
291
296
189
137
298
277
23
150
286
158
312
192
132
15
87
295
245
270
249
188
276
307
16
273
170
51
234
72
205
255
172
48
196
202
305
251
227
31
77
133
220
282
243
280
75
271
288
145
128
160
297
154
90
283
97
320
257
135
140
5
119
299
148
114
131
186
198
30
209
122
187
177
155
266
6
310
13
274
159
294
107
21
149
162
115
214
327
217
60
27
112
65
118
85
138
167
248
71
324
224
121
252
49
147
311
290
163
117
200
244
104
306
29
58
93
43
11
53
151
38
2
215
63
73
313
303
285
169
81
28
323
293
125
179
124
37
103
8
116
17
91
98
182
319
64
36
242
201
26
39
106
206
265
259
127
94
24
52
76
275
180
44
59
161
35
96
268
267
301
219
69
199
232
40
82
237
108
18
264
254
84
175
173
165
231
9
101
99
222
152
325
142
141
139
317
315
120
246
3
111
300
263
247
308
74
34
223
213
233
86
67