1566
4495
372
1067
3726
3911
340
4632
5251
3054
1117
926
823
100
1949
1680
1856
3892
2321
3730
5025
3581
3704
5100
2337
830
1649
657
5321
4996
213
3101
3658
5109
2567
2648
4667
48
2247
5259
202
4874
707
566
3463
3750
4727
4820
4815
3283
4199
2380
1769
5660
5083
687
4827
559
1015
3001
63
5242
1628
2149
2066
1713
358
407
1218
2097
4388
644
761
3032
182
3363
2890
3003
445
2295
256
2654
5026
2462
3047
1968
1776
444
2872
3198
5173
4326
779
1152
3055
3652
5412
5468
2687
3053
728
5624
3806
1677
5088
1113
5188
1216
1444
200
3034
4485
3037
563
5307
5766
513
262
5675
3872
2236
2370
783
2505
2033
1666
2732
1423
4184
1962
5541
1960
106
2165
3948
3643
269
4961
3801
3747
5493
4318
4308
2713
2140
5578
2818
3472
5523
1453
53
2615
257
2393
5358
2004
2041
4620
185
4191
562
2636
3464
583
2016
1376
5613
5712
1286
3608
5443
2807
341
2275
175
1023
4361
2626
1562
4407
881
228
4461
2805
5274
1687
427
937
920
1535
3934
2609
4911
5763
4679
216
3410
972
1241
4707
3469
4405
1302
4328
2430
1009
5049
4738
1730
3552
5535
3213
1338
4008
1410
3182
3610
908
4823
5653
472
3596
1792
2683
3036
3330
5416
2852
3382
3508
4563
627
197
1758
3820
4912
5551
4065
2331
5735
3762
16
4024
3551
3795
4375
3613
5737
3641
639
1464
3119
1702
712
3855
933
1633
2760
2153
810
1663
2898
4741
3825
2403
4941
4955
1693
492
3275
1896
966
2919
1168
4083
945
2528
2260
2926
1054
230
5476
5085
5498
4821
1257
5122
501
3422
3474
5285
2582
5272
968
875
3778
2498
5233
323
2424
5438
1861
2924
1334
970
1428
3033
530
3
2959
895
3553
5331
4722
571
3865
5232
3732
236
5505
4072
2428
396
3458
2081
61
894
4668
4736
983
2753
5205
4880
3100
1337
3614
156
4870
5617
5181
2952
4104
5010
227
3664
1132
5140
2229
1236
1298
2334
1082
716
5071
3777
1290
1944
4302
177
1270
4718
2494
5064
457
1681
1887
3388
5420
634
1618
4588
1668
4082
640
4194
5747
2564
2395
4649
4056
4285
145
4525
1589
3408
1496
3604
3904
1617
3600
502
1004
4849
3291
3496
5560
208
4548
2168
3611
785
3494
4550
5170
3238
4653
2882
1246
5226
1857
2964
2249
2032
2017
5322
953
939
5558
546
5138
3866
3479
1041
3404
3425
2441
3167
4031
4568
688
622
3185
893
673
5128
919
3094
1767
3817
2671
2252
2854
3092
409
13
2129
886
2706
3399
2390
1667
4437
5147
4806
211
1258
5168
1569
2916
3590
4217
3862
995
311
194
205
2891
531
3589
5215
1643
2200
1443
958
264
2721
391
3460
3717
1252
2344
2278
381
4797
23
2597
1990
1801
1076
3631
5486
2398
855
841
3137
2629
3678
1829
593
2520
4391
4046
4283
737
2193
312
5347
163
5316
2180
3951
2726
1462
1446
1027
2007
2144
2348
290
2709
4377
2354
2676
4558
1042
5169
1976
1263
2054
1577
4794
4464
2949
3373
1665
4813
910
4230
3189
2616
4497
2232
5426
2509
5717
1686
5557
2447
2305
3355
3244
3038
3387
3754
2861
1655
3073
3163
3156
304
876
404
5268
5134
434
679
2578
127
2046
2230
3740
871
4527
3824
4601
1176
4822
1046
5460
1914
90
4284
3030
4354
1572
3742
630
5740
1047
2858
2699
3048
4239
1055
5223
1397
775
4792
1657
1251
2507
5263
9
826
1738
5441
1363
3072
1995
20
5133
2444
612
406
1897
1294
260
4396
3010
3269
4089
1571
647
3797
3507
3374
1970
5635
2176
5606
1008
2958
204
4355
2228
930
344
1022
3091
4030
4237
1731
2096
905
3868
3958
5203
508
1111
4218
110
4841
2174
1115
2658
3128
1196
1739
1306
5070
866
4480
2290
4967
5657
2889
5212
1072
4543
2643
1268
3188
4102
1602
3800
3878
4470
189
4503
1439
3746
4816
4432
2440
4748
5546
4531
1120
2568
3609
536
3804
3513
4782
19
3484
3739
3799
4345
5650
4848
83
4619
77
4510
2631
3781
789
4123
1179
3219
3270
3184
545
5672
3147
4462
2070
2322
4367
3937
2063
4651
2197
3785
2018
2914
3290
635
2714
1288
1988
3289
2023
5082
5732
676
4408
29
4537
4113
4713
5136
2744
4825
656
2796
3708
2659
4390
1989
5500
3298
4011
2942
1454
1438
3952
702
5652
3027
281
620
1846
4252
692
4556
4276
5354
4719
4724
217
4555
3151
2910
2199
2414
4394
3000
632
5065
1826
4865
555
4081
1691
4981
5530
2563
3126
5211
2628
943
3638
2598
2410
5659
3852
4737
1772
5431
1435
3582
2571
5577
1011
3218
4003
275
1279
4412
3155
191
2151
3273
5314
5496
1161
1284
2894
3216
4583
382
2893
2759
186
2094
4108
2633
5433
1329
2756
3857
999
2309
1785
5687
5561
3787
69
237
1119
2389
2065
2343
2460
3621
4947
3735
2886
4298
2707
5248
5733
2814
3499
5073
5424
847
1234
1365
3024
1864
5528
3165
951
5679
2034
5444
2826
653
2281
2155
273
2120
4313
743
1900
4071
5764
4041
2137
1539
4020
1550
4750
4939
5716
3380
3350
504
1256
4726
3284
3670
2231
5005
4059
833
4458
4023
683
4459
1081
1515
5006
2073
4357
420
3591
3504
878
624
4541
2580
462
1305
2533
597
4404
5192
4136
4096
2159
1469
923
1828
587
3369
5074
5401
935
5069
1059
1493
2833
5195
5217
5497
924
5708
2182
2387
3827
1532
569
3920
3982
1576
4754
4856
5684
2745
4253
1716
877
4273
1981
605
1123
3783
564
3572
1868
3305
561
1488
5434
1293
907
2152
3570
2179
828
5359
5542
5506
5227
4163
500
4845
577
4925
207
2235
3755
1969
3005
3550
3617
925
661
4810
4037
3679
5342
3190
4442
1350
473
5092
573
831
4721
3950
3961
54
1704
2270
1254
1892
4271
5383
3593
2521
4699
5371
3067
5160
5656
3465
1307
1436
5447
5464
3248
3986
3665
1118
2435
1450
5544
3429
3217
1553
2729
570
1301
115
3447
142
3648
2431
4894
3392
4764
1920
1093
1848
5614
4652
3592
539
1639
1455
45
946
682
670
3864
2983
678
664
1381
4247
222
5246
2060
965
3966
3705
2051
5485
5324
2984
2377
2457
4222
2349
265
5437
2172
249
2866
820
1432
2908
3288
1222
3861
226
1341
3320
1698
2319
267
5581
1930
2192
2015
4900
2534
5427
3953
3850
393
5011
4694
1793
4688
4186
3432
5015
4411
5471
1448
3130
5288
2171
74
3342
5710
984
2240
3488
64
4756
619
4204
941
4647
1460
2289
3115
4021
2128
3503
1684
2385
650
1049
144
691
931
2607
1336
4988
4549
2261
2036
4633
2458
2880
1591
3637
1085
3661
66
5422
808
3122
141
5237
962
1114
5421
5035
2342
2266
3274
1662
2242
749
215
2104
1636
4515
4629
4277
244
4757
5351
4183
4176
2471
4896
1953
1499
5151
367
1452
852
4436
3301
542
3316
4936
1548
4538
681
1582
623
730
2855
1310
360
1744
2998
3434
4129
3227
1347
986
4489
1006
3583
1625
5639
497
825
2792
5700
3725
2117
891
114
1640
1219
1825
1299
5130
3991
4959
1673
2823
4478
1155
5713
3663
5432
1714
102
4233
1712
588
3181
3095
3707
982
554
2215
616
2554
1695
4937
3260
1327
4190
5417
2028
4330
21
4154
1706
4991
1433
4268
5742
4295
2268
4984
975
109
2965
1408
4868
455
4623
5491
5303
3734
916
1630
3286
5230
4132
2012
4
4093
5364
1500
252
672
2623
5020
4775
3302
2306
1757
4597
689
3208
2612
1708
3558
718
3173
272
5022
276
2566
3569
694
4749
3242
3970
2191
2722
4708
888
2797
3985
1715
1001
5743
1058
1045
4965
3510
1262
3255
5507
1060
714
151
1526
863
2239
3752
5531
5467
4752
218
2968
2809
2280
3236
1619
1304
5144
5539
5216
2606
4818
1372
2245
3224
2961
940
1978
3630
241
209
2540
5238
1078
5488
1750
4899
357
1328
1984
1797
1685
1683
361
2943
5666
2167
2205
3721
4337
5695
3340
4035
1477
3716
4861
4691
2922
2105
1280
1128
3214
3414
1965
1473
2903
1362
2090
4473
1761
3696
5258
3176
235
4414
3766
3193
4814
1717
2141
767
2374
1725
5162
1159
2822
638
3573
2218
758
3684
4266
1722
2851
436
3018
3416
4172
313
1791
969
2201
5031
1326
1755
5196
3403
4409
30
655
1121
3571
3430
1841
3233
3220
3686
3748
5075
5554
2602
233
1104
73
5125
1463
3132
1357
2653
2196
819
666
5139
1670
3379
1507
3729
3352
936
732
2630
607
3409
1839
2258
2056
1367
2762
1261
4139
5668
2400
1996
3634
2158
4963
5524
5512
4365
3860
4476
5208
1777