772
4613
1417
3730
4606
3455
4338
6007
5926
5863
5864
4662
4370
4677
4396
3747
507
5720
5683
3415
4474
782
179
205
4911
4551
184
4692
6022
1946
182
1872
3945
2639
5541
1148
3652
3773
5910
2192
3041
4531
3575
1007
4053
4395
1811
2589
3394
3955
1622
4819
5368
2822
4844
6094
5549
5472
4754
4094
6043
1687
914
5335
5998
4177
5724
2122
191
2133
4179
2732
2697
2999
3031
79
5136
5299
1729
2191
1483
2529
2019
1132
351
599
3838
2011
1958
2908
6016
6059
1314
3416
4881
6121
5103
1472
2659
5139
522
5429
5918
3154
2616
4863
5289
2691
5839
4732
3542
4464
5607
3852
4929
1655
3023
5580
4372
2547
2843
5018
4800
1698
3317
2787
5435
3746
1592
4839
2706
4269
4069
254
1830
5475
1045
1933
3698
4932
2681
3496
3035
831
2761
4668
3857
5153
4478
2257
4517
5577
4745
5557
1095
4991
5885
3440
2521
5229
5902
2291
5112
3115
3649
1305
4055
4820
861
2654
2244
3593
5362
4332
1543
3386
2374
6119
1668
5315
5565
5699
3362
5827
2572
4076
1280
4205
5357
2458
5424
1779
5754
4622
4266
2675
4688
4287
3220
129
5574
2688
3157
1475
1383
1379
1450
2726
3466
6127
858
4926
2617
2784
4644
2247
3289
2005
379
585
2551
1423
1557
5218
3259
1123
1598
5021
3359
4446
3108
755
1627
4122
3564
5336
2328
3721
2000
2821
3754
2346
4706
4646
5804
4057
2025
5414
6001
5201
5349
813
4336
5606
3254
4204
4199
5669
1694
4538
5120
2091
2447
4555
3518
4259
3921
3795
4611
5226
828
1426
5795
5867
3874
3025
5457
3492
4563
4015
1438
3614
3785
5030
2926
2232
4243
6069
526
3904
528
4412
739
3452
1425
5956
3717
1580
2914
2437
4422
5841
4661
5083
2545
5254
3997
4480
3346
5043
5179
5791
3473
4933
1641
3516
5251
6083
1917
702
5428
4853
5729
2609
3632
3813
6008
4441
5623
3828
3284
3086
2699
3666
4484
4875
1969
5735
3784
5802
4273
5205
3900
2741
3619
1712
1662
1873
5460
906
3523
4362
2698
5479
2181
2392
4192
3723
4473
2960
3309
5333
5849
3806
4972
809
3139
2207
5506
2109
2068
4621
1747
2682
3808
4818
2324
2215
5858
1518
3937
5836
5448
2266
3077
5365
2475
2482
4165
2930
43
3279
3578
4675
4228
2127
4728
2478
6071
2647
4548
5305
1297
2317
3713
4736
1678
4649
5158
6132
5451
2951
3791
2962
1370
1757
1715
5559
5876
3275
5482
5685
4995
5833
1431
4339
2584
5696
2465
5856
3521
4292
5311
4315
723
445
3060
4975
2934
3016
3384
4951
4912
4634
3252
2537
3337
5068
3278
5594
3960
3401
4373
2206
4604
95
1527
2330
4044
5198
4364
2870
5403
4358
5601
5304
2262
3789
3168
3155
5012
884
3458
2356
4804
2712
4655
4261
1845
6099
1759
3184
5057
3226
6086
3397
5382
1223
827
4142
4435
1389
3210
3000
5101
4394
4709
921
3304
766
2652
4504
2481
222
5320
4814
2157
1798
5416
3448
5208
5347
2840
787
4233
2917
4904
5660
942
3389
366
6095
508
1673
4976
5995
4234
3428
2024
5504
3799
2023
4815
1986
4191
2780
426
3396
3182
5540
3380
5722
4382
1186
3703
3133
4230
5049
3040
4471
4210
6106
5125
4764
2046
5817
2305
3786
2578
439
1283
10
4892
1795
5317
3552
1990
3936
4085
3160
5249
4007
3699
5494
1943
1295
1696
2576
2649
3837
1062
1616
5161
2129
5213
4978
2073
3842
5524
6091
3651
3297
5588
3468
3570
1163
4910
4710
5445
5116
5653
610
3135
6038
5825
1528
4798
860
2581
3332
5755
2340
4855
6128
4194
825
3019
2499
5257
2028
3594
1708
5914
484
3607
5187
2098
3761
1479
363
25
4366
3432
4060
2534
4541
5099
3183
3634
2282
605
1416
1387
996
5835
1689
547
5865
5813
5551
1660
5389
1942
1150
5260
5044
1519
2366
2264
6087
2065
5747
1690
5917
4407
2179
5160
216
4250
3859
4127
966
2195
3831
4961
3583
1940
3112
3111
3850
2088
4597
841
3176
2130
3328
745
3021
3971
460
6088
1745
3763
5269
3895
4443
3961
960
1681
5895
5109
3477
4077
4841
5881
5369
4059
3986
621
3012
3326
1740
4286
2810
1085
4425
3741
5674
2464
4475
4879
3731
4986
5292
1515
5943
5762
4771
2569
989
1542
4537
3205
5521
2583
146
1572
152
6100
1147
2938
5210
5075
5508
2120
3907
4346
5590
4922
3927
5733
1205
6075
2239
1679
2872
3984
4148
1043
3846
1642
2278
5070
4352
1292
3829
5855
2267
132
5789
1595
2794
4255
2301
3151
4068
4018
4760
5277
2885
3566
438
670
2775
3377
3080
4083
5676
2909
2597
2751
3426
5667
4755
5458
1264
546
4935
2079
4090
2365
4743
4104
5022
1771
1948
544
4008
4938
4713
2067
4657
5566
6126
1446
1848
3879
1523
4898
2678
2153
744
4302
3272
1724
4020
4447
2194
3187
1742
52
3942
2601
2536
2074
2527
4828
2137
2358
3798
2327
5364
5708
4966
3816
3147
2539
5223
5774
3483
4117
4131
5930
649
2689
1564
4130
117
3213
5081
4829
2737
4665
1071
690
1587
3962
2686
904
1810
1404
4888
3700
2184
5371
5970
3802
4806
4320
2753
304
1138
2710
741
3765
4781
725
4520
3266
2897
718
5976
3605
1617
5840
2882
5094
5806
4577
2372
5443
3235
5552
5275
3596
3673
1926
2613
3585
4824
3558
3094
5792
3175
4619
2202
2198
2507
4620
3285
3042
5433
2018
4256
120
2062
2853
3640
2599
3788
2995
4979
2031
4974
2739
3068
2476
4239
253
5449
3403
5076
5958
6077
4808
5848
5950
3685
4114
1313
2141
2718
4029
5489
4430
5308
1102
2859
791
1109
5750
4684
5286
688
5256
3972
5790
3884
1100
3109
4685
2383
3367
1357
2632
3656
2504
5971
829
4096
2015
2508
2326
204
2614
4756
2388
4211
2185
4157
5106
5599
2857
1051
4270
3734
5619
4171
2275
1996
1266
4624
3949
4874
5809
5798
2731
6049
215
4139
4660
5920
945
6013
5693
4718
3095
1063
2118
3374
2039
3750
3781
5408
2081
3595
5561
5200
6000
2209
5622
6027
4152
919
5749
3463
5464
5628
2783
5300
3208
872
5810
5467
2913
3628
5363
3822
3506
3372
6085
89
3944
2490
5023
3871
1862
2480
3825
4164
1596
3010
3569
5495
5194
4533
5545
5126
3658
2650
6060
5659
4387
3844
241
3242
1583
1382
4380
1159
1669
3954
3306
3291
3331
3006
4349
2170
4494
4499
3105
642
4763
4374
211
1327
2407
581
5537
3692
5031
1463
4516
1380
2552
3688
1214
618
3032
3988
4856
4823
3616
2677
1194
2871
4398
4203
3547
3273
2585
2027
2329
4931
2993
1573
3024
4141
3007
2069
2258
5873
1499
5367
5345
1731
5556
3901
1342
683
4047
1884
3261
1065
3855
4025
1775
859
4112
5832
987
1174
1118
5499
3166
206
2804
2592
4907
3425
2566
5686
2248
2708
559
3088
4653
2836
4035
3034
3556
4470
2308
4180
2845
3363
3203
4486
4503
5571
4854
214
2796
3269
1347
5181
3189
5600
1461
3985
5379
5100
4514
2006
3769
4217
6117
3055
3433
1039
5717
1089
3200
4496
2998
5053
3824
5380
2004
2939
4005
2904
5250
1290
2766
2955
3406
373
5647
1818
210
5830
1268
5350
2012
1091
5742
3839
3710
1158
1739
2561
2043
5276
5129
2213
1348
2579
4970
4985
4962
2865
2040
5582
1686
5399
1585
5887
2985
1167
1121
2734
4088
1857
1269
2730
6048
4774
1552
1931
240
1018
3693
3889
3675
1106
4092
2622
3650
2033
4034
6123
2422
5261
4757
5074
4601
4178
3510
6055
3104
5434
1351
2063
5344
2343
1743
1659
4247
641
5723
5306
230
2336
5188
566
2802
5272
4573
3705
3241
1548
668
3265
3308
4324
5002
3770
410
4135
3968
3589
4983
2351
5794
3965
5706
2565
4384
1544
3120
2427
3134
3091
2702
819
1136
3136
3356
3627
4877
3952
5280
1638
5519
1822
1350
923
1992
1166
5732
4614
4776
2881
1693
3663
81
3810
4467
5278
1028
2309
4747
2363
2837
3928
2947
1021
5736
1177
4835
2487
3096
551
2668
3232
3869
4889
1954
2705
3644
4542
1405
1064
2931
3245
3250
2175
5431
5553
6018
6110
4291
1998
2557
5815
4434
5195
5532
5515
1270
5279
1522
449
5959
4136
3669
255
1531
4873
4878
5090
5334
3059
1776
1744
1649
2426
5661
4512
6002
4405
4428
1418
5688
2981
2868
2276
5004
4719
1808
3049
5615
5765
4868
5805
3885
5025
568
5465
3069
1699
4650
2742
5961
4039
1099
5505
5642
5573
1847
451
4663
183
2695
4941
3393
3430
1721
626
4423
1468
2180
846
4782
4942
2413
4368
5709
852
2634
4851
2433
3990
5752
104
3196
4198
6073
3719
6036
4845
3653
2389
2829
743
2970
1245
647
5610
2503
4928
5584
2434
3618
4222
4260
5968
1258
4515
5461
4532
6028
2778
4170
4275
1851
4227
2798
1349
5425
189
5185
1944
3390
3407
6068
4010
5705
2719
2233
4704
4596
5064
1164
6029
3453
2785
4419
2214
1754
3826
2494
4595
4832
4456
4294
3925
5383
5130
4952
1586
1462
5148
1457
2114
5159
5040
4927
1955
2057
2918
1198
4536
2246
5972
5903
2362
4550
4343
886
1309
2007
3868
3221
603
3048
5048
5654
2795
878
3873
1860
3582
5919
3691
3046
5338
2906
5172
2090
1697
835
1791
2548
2321
3736
5481
3365
3454
3490
5975
3201
4899
5058
3302
1476
980
2790
3613
4172
5346
3376
1939
3207
1201
193
2160
1262
1529
3132
3908
3408
5638
4711
4176
3762
3093
466
5766
5079
4637
5764
6063
3776
490
3504
1640
6014
2418
5035
3610
623
2923
2806
2518
1815
901
2509
958
4314
4964
1434
2571
3199
2776
611
4796
2635
2243
3159
5463
4882
4615
5745
1110
1704
5996
2297
2408
3771
3178
1824
5351
929
3497
2294
639
4215
4700
4235
5384
3431
2656
4698
2805
250
4463
2236
3409
2411
5695
2075
4267
3022
734
4843
5154
3053
4389
2851
4511
5542
4729
1287
4793
5643
3804
5166
4934
4859
1343
3992
1323
4987
2113
4155
3913
3843
4108
4558
4570
582
839
5232
5562
5773
1569
3999
5591
3173
5579
4627
2817
2002
1203
3298
5366
5045
5850
4168
3755
2992
519
2095
1636
1578
1951
1768
2826
2842
4869
1424
3311
4527
3438
4939
4174
1155
3472
1502
112
620
5520
6076
5725
613
2337
3778
710
1553
3405
3624
3371
5016
4258
6019
3938
963
2138
107
2876
3994
4279
3368
5758
3732
5668
3005
5992
5248
1477
4221
443
6024
5803
2619
1181
5329
1363
6065
5511
4328
4510
3993
360
1469
5390
2680
3715
4196
4118
4744
4381
1212
5627
2738
6080
844
3236
4244
1069
2568
3223
2538
2190
1456
5291
4334
260
5302
948
849
5797
3474
1130
3681
5870
5781
5473
5237
2519
5378
3190
4468
1534
1015
2227
4651
2760
4529
3560
4862
2983
1692
6061
3609
2077
3541
1503
5614
2486
1607
3880
5677
5235
4284
4378
1025
3525
5145
5793
3976
1514
5038
1601
5983
3318
3030
2044
2550
604
1082
4870
1889
301
1720
867
2513
148
207
2580
3489
4062
3076
5811
1231
2142
5715
1144
754
5047
3169
2376
4600
3581
2421
4608
1239
2230
3153
1854
5419
4488
2136
4242
2971
3300
5514
891
6089
969
4963
3522
3720
3674
5721
3324
2288
4009
5845
4799
1605
5238
5374
3694
3745
2893
5990
5005
2049
465
2834
5128
3333
3412
1448
3689
5255
4612
666
1963
18
2186
3553
3482
3519
4033
4162
4748
2164
3864
2284
3677
1746
2242
2212
4640
2076
5243
3899
1013
3148
251
4357
5091
5761
5264
1068
181
3915
1624
2072
5420
1562
6120
454
5904
1324
2633
472
2525
1526
3527
5452
1852
5295
159
4789
4887
2495
4072
5352
1688
2758
934
4392
5127
3753
4908
1344
489
5979
5993
5843
3567
5602
2912
3276
1966
4143
1786
5831
2976
5466
5978
1978
2497
2942
3089
5456
6114
2950
3070
2477
1671
5178
6082
1703
543
999
3690
3987
5529
848
4187
5393
3898
5576
411
5945
2588
2414
5107
1993
2711
3116
1372
4189
648
3886
851
1358
5175
3319
2902
4690
3856
2501
4795
5041
5406
105
6047
3683
2577
5854
1484
5217
1962
2224
6097
5240
6092
5252
4654
1016
2485
5592
5039
4347
168
4049
916
5319
5498
4342
5377
5898
399
4955
1762
3128
4689
720
5734
4410
5444
5906
1296
5355
5437
3219
2359
5821
3600
2779
913
2980
5746
2553
2627
697
4371
4937
2788
2903
5262
5587
1395
1352
4801
5381
1487
3370
2440
4304
2259
2454
1135
5215
5604
4971
3887
1006
4489
4105
5609
2409
3073
3145
5533
2460
3445
3530
5737
4950
1146
4909
1960
5928
5666
2713
5927
2522
312
2030
1113
229
5143
3027
3957
4549
1435
2638
5078
1459
1209
3645
2575
4842
4673
2772
2371
5892
5156
3395
5405
5581
728
1615
608
2146
1904
2156
1308
685
4497
5170
4885
3995
3577
199
423
5862
5341
5713
4011
4413
3239
2602
4133
5697
2707
715
1545
4616
3260
1248
5631
4453
4124
1556
2924
192
3312
3057
1733
3224
5719
992
619
2660
233
5783
5510
5046
5476
1227
4253
1142
3447
3532
4305
5155
2887
4742
2285
4670
6058
4906
3277
4618
2570
1874
5569
1517
4031
3471
3601
197
3244
3142
2473
1881
6130
5118
4998
2047
6046
532
592
2610
3246
1539
4652
4588
3422
4061
3946
5203
358
1178
2469
5760
2972
2505
1003
1302
3930
1284
1664
1213
235
4393
2103
2966
2823
4564
127
2512
5586
810
5372
5113
3327
1365
1997
3193
4481
4095
4483
985
830
4254
2603
1672
4016
5034
2320
3849
1817
3772
5621
3660
5410
1895
1081
1695
171
2651
2623
5485
3296
1240
4363
4153
1909
5123
5236
2453
6041
4487
5523
1259
3353
4466
3758
6015
6124
1916
1701
5994
4769
3893
2283
5988
4224
5263
5087
3017
3739
2472
2956
5168
3029
984
1885
3737
4173
4312
5637
2910
527
3476
2020
6112
2105
4790
3214
3943
5423
4225
3098
91
1843
4145
1600
6108
3919
4322
5572
2385
4050
4129
3420
4645
4036
1823
4681
5846
2419
4067
2803
1870
2071
3144
5852
2642
2975
5597
4161
3967
5763
4390
1473
5989
3602
3696
5771
3546
3191
4994
2290
705
395
4632
748
4040
1987
1896
1611
5212
4513
6009
1454
5459
3340
5097
2864
5453
2369
1727
1691
1571
28
4091
3623
2140
564
3661
4598
2435
928
4831
5227
2746
4578
3551
5900
3378
1369
261
4297
4821
1464
5563
4786
2932
356
5546
5787
845
4082
2132
3003
1530
4089
1677
4452
5140
5768
2331
2801
4767
1716
2663
4679
2997
5131
3360
1165
2322
6053
1273
5096
4448
2265
5219
3361
4301
5921
1947
3051
5282
4521
6044
4858
4359
3714
5946
5006
4783
5028
1079
1549
700
2655
1217
4648
4876
534
5548
1574
1613
5595
3240
3414
580
5675
4524
3249
4264
3531
1254
6020
2644
3867
4290
5503
5703
5799
2867
5032
5246
1497
4311
1819
4946
4042
4969
5469
5085
736
1787
2500
4402
2050
2789
662
1804
2444
2646
2754
3146
2807
664
1510
3800
1858
3054
4777
3399
3258
646
3543
4506
208
2586
5962
3684
2523
4579
4959
302
3038
4397
4190
2528
3511
5527
1589
2818
4766
4216
1570
3186
3323
4636
1508
3520
2517
2526
915
5684
4591
5739
3695
704
2446
2943
2892
1929
1038
5447
3588
3615
3348
5134
4749
4999
5937
5247
417
517
3502
3875
4519
3662
4840
2489
5417
1793
1378
5441
5694
4063
3305
101
3383
3501
3704
5216
442
5949
713
5929
2827
6
3004
910
141
1452
2402
2085
1903
1422
5003
5984
4272
1868
3127
5500
3234
2748
1805
3248
5662
2563
4794
5296
3307
4445
5952
5860
2279
1286
3742
3271
3914
2425
1965
2701
2725
4847
1466
4329
5491
1952
3568
1856
3630
1892
4920
3063
4426
3381
1005
2240
5656
1959
5896
2364
4021
4895
3584
5613
1157
2558
5191
6064
5616
4694
3295
1899
2296
5522
949
3293
4825
3470
4100
5080
4590
4594
4492
1579
3977
5512
2014
2200
1023
4262
4779
4953
1116
3647
818
3803
1911
5000
2401
665
5029
5192
6012
2299
3622
6084
5098
2696
5114
5271
4945
2963
317
769
4209
1419
1251
1773
2878
2886
5060
4207
4299
5418
4185
4449
2880
2096
3486
4438
1221
1310
1871
382
6107
5842
5942
4303
3170
653
3774
2058
1520
4547
2173
5889
2183
1906
4045
3836
3744
4543
6131
1011
931
5966
6052
2889
3211
5812
2461
5564
5585
3536
4811
3141
1709
3947
5819
912
5010
3478
3400
3508
3815
3524
5331
403
4583
4735
2774
2949
4111
909
4051
4716
2451
3932
488
3102
1076
3286
4773
4476
3174
708
4325
3702
2988
4502
4087
2811
3480
5189
4676
3411
4586
2958
3122
5152
1031
938
5518
5714
4780
4552
3573
5290
2781
3631
2611
5298
3456
5287
2773
5964
3941
3227
3792
3513
5664
5061
4797
3890
5439
2546
3373
1480
3036
332
4768
6111
1094
281
4633
2987
2961
3903
2717
257
4918
4669
3465
4183
5328
4128
4626
5411
3729
2894
3113
717
4997
4805
5141
4375
5487
3725
1073
5531
5343
3819
1736
4905
864
2237
5547
4268
3712
5877
3909
2852
2848
1877
1625
834
2254
1910
1443
3805
6093
2380
5944
2573
5396
2462
5526
3090
5307
5868
3256
4335
4208
3638
1206
1839
2393
3061
1869
2280
3418
5578
1160
5544
894
3451
3722
5698
4333
3832
4316
5310
4836
5019
545
1769
462
3517
4936
4884
3851
2590
4865
2241
4861
719
3202
5778
5009
2752
4534
6079
5663
695
5102
4431
4901
4317
4415
2035
2977
5422
3457
2721
2399
3237
4837
5066
4893
1495
2483
3592
1767
5222
4093
3641
1220
4568
5486
4376
1524
4058
6125
1359
5593
1316
4703
3718
3881
1907
3759
5665
3375
2493
5936
4507
3494
2404
5948
2467
3764
2901
4582
5680
2148
3533
1968
6113
1451
2860
4659
501
4603
4687
1467
3349
1732
4461
4643
5808
711
6040
865
3853
1293
4041
5770
4313
6078
1646
5033
1575
2496
2203
3493
3117
3064
4992
3436
4454
1970
5115
1336
3198
345
2410
1374
3161
3922
5007
3966
3165
1666
3643
5980
3998
2086
4411
4289
601
883
3464
5879
5337
2700
5162
3338
3866
3958
1196
6034
5386
5073
3579
4751
3982
583
874
2438
760
5177
607
1741
2457
3071
2016
4175
2674
4399
5650
1156
5228
5496
2514
1913
2008
2607
1533
3417
5388
5652
432
5144
5513
3398
6026
3283
2986
5618
2587
4864
4417
1934
3485
5385
1169
1938
3841
4556
5560
5939
521
4707
3973
2835
406
3953
5151
2315
4518
5199
2516
737
3916
3282
5327
1491
627
4433
92
609
2554
5851
1191
1029
4631
2332
2954
5036
4607
5497
5084
5332
5598
5711
5082
5014
2747
2991
2125
5866
2667
5241
3267
3514
4807
491
3598
2147
5430
4257
5636
4944
773
4924
2134
843
5786
5474
2310
5911
4567
1279
5387
2001
3529
1766
4200
1083
67
153
1131
5874
4498
3686
3238
6042
1263
3876
5931
2595
4246
4500
5395
2261
2555
2777
694
5169
469
3862
2643
5847
5974
4436
3854
213
1009
4617
3449
3555
2013
5196
4002
6070
5501
1680
2933
1184
3255
1972
6096
2928
1080
4565
4345
5206
1375
4599
1301
4630
2167
842
5409
93
6004
3562
5209
4848
3469
4792
3351
2965
5182
3981
3434
669
1554
5051
2235
3905
4592
3450
2898
99
5400
5001
4167
6072
1780
5348
1920
5020
4664
1328
4809
6021
1246
3586
3878
5612
3830
416
4455
1855
2097
6039
614
5173
1332
1547
3020
4388
2139
4575
2540
5180
5234
2626
6010
2178
5270
4919
1623
2824
5575
4738
4241
5583
2498
5017
1173
783
2274
2861
4891
2124
440
2895
1490
1238
4730
1546
4482
1806
161
4967
5814
2135
2429
3217
3807
3733
4099
2415
1950
6057
6023
2770
5242
3043
3044
1410
4000
4571
5072
1755
1381
4353
3847
2084
4813
5509
4954
2041
5772
4917
4424
5977
5801
4028
4103
4860
2664
3137
4982
5413
727
3026
3738
2815
4169
2666
5924
2763
3079
1536
2850
6118
4740
1782
5767
756
5204
3783
941
4404
19
459
3549
3391
4226
1634
1152
638
3923
4195
3149
5146
4522
2354
3479
236
4416
4307
850
4569
995
3996
4656
4086
226
2990
4846
170
821
203
3654
2211
2574
600
158
4437
2604
1216
3621
4623
4218
3052
5071
3767
2511
498
1941
2234
114
1763
3129
5316
1994
5231
1179
3535
5651
2524
5890
2625
1317
5361
5589
3794
5818
4830
3637
4762
3896
542
4408
4914
5596
5318
4849
2879
1714
1391
1187
3366
1802
1796
5117
2208
2099
742
5782
3708
5689
4610
4667
1141
2034
3310
4229
4450
3664
5394
5502
2935
1436
5259
2316
2470
1576
2621
6033
1153
3209
5359
3495
1274
2442
3172
6101
5567
1836
2121
1195
5899
5322
3563
5539
3056
3779
5490
4293
47
2874
5963
223
4993
2556
5050
242
5822
5838
2598
5483
5617
4048
4331
6011
2941
1753
3606
2672
3950
5726
4544
1828
6103
1985
4030
1356
1445
3114
4956
1078
2216
5538
1326
956
2149
1361
1338
3603
3439
5620
1168
2900
3387
4213
5062
1831
4535
4356
1945
355
975
3194
1402
1087
4219
5436
1170
3617
4283
976
4493
1525
5224
5712
2348
2764
1337
2382
4197
2342
2940
5197
2221
5837
4897
3347
1814
2641
1706
6102
1516
3336
177
3668
5404
3167
1105
3341
4916
1012
1413
128
5857
2922
4158
1267
2709
757
1272
3392
3487
4678
5065
1925
5220
3461
2994
4566
1832
5174
1486
340
5888
2733
4857
3861
2927
331
776
3314
1752
5570
1618
1566
1225
3484
322
997
3574
4784
209
5132
5358
1901
1235
790
2533
4705
3413
3215
6105
2542
3756
1086
5176
1643
1371
2313
4984
1114
1537
2624
2825
1590
1126
4977
1863
1850
1794
2059
1442
3757
3801
2078
3002
5655
4671
4605
398
1008
1918
4965
4350
5412
5190
5707
1577
4078
3974
4580
4696
1842
4386
2430
4017
2228
2816
3833
4628
5947
3429
1785
3534
431
1758
2220
5214
4490
5530
3748
4958
5330
3437
3427
3188
2226
5427
4810
5253
1684
3459
1360
5480
5605
898
1299
636
4827
1022
764
4156
5894
1204
4288
3548
231
2847
3325
5690
895
3872
4107
4444
3507
2368
4750
4785
1115
2959
2350
5233
5470
4019
1705
3780
6025
4772
652
4894
1971
5294
1838
2106
3047
2252
1588
5056
2543
1521
3243
5641
5507
5973
1748
4765
5753
2671
4383
4485
4054
512
3316
4759
225
1233
1977
5092
6098
2661
2636
3599
4319
5748
1973
4249
917
5716
4309
2306
3823
2723
2117
499
2219
4206
2690
3500
5634
2693
1628
396
5124
840
2670
3910
2673
1606
5421
3164
3865
2685
6109
4245
983
4098
4902
2083
5955
1937
1657
2398
1935
5777
4458
4472
3526
4822
3342
4574
4214
1396
2420
5823
5701
3330
2111
1756
3860
2131
3512
3195
5211
4400
6017
1362
908
680
1154
2060
730
3228
4761
4308
5738
5432
4440
3787
4717
504
2687
4731
364
5488
1875
4826
1325
3410
4803
1084
4465
3072
4602
3357
733
1866
2452
3402
441
5284
6030
5611
2355
1915
3635
2293
3216
5281
1844
4872
679
2333
4236
3009
4530
5861
3701
2010
1104
3263
696
2165
5244
6066
1430
637
2832
4462
5297
2395
5878
5891
3206
2530
4683
3344
3074
2250
5935
3528
3345
3655
699
4702
4585
3287
3462
23
202
393
1511
2373
2564
2771
3435
335
5800
2841
2474
5679
2744
187
4672
693
1271
3979
2263
5454
4787
1888
5273
3364
1377
2799
3441
5438
1864
4097
4988
3130
5370
553
2349
1093
2158
2319
4154
5163
2839
2360
5397
1385
1400
1722
5121
195
186
4365
5149
2302
2974
4119
1661
4323
4079
3817
1685
3591
3940
1647
2205
5138
3294
4576
2618
1429
3671
5027
3028
2657
4625
5941
5728
5625
2612
2318
3288
5122
5142
3488
4354
3421
2323
4641
5629
5608
5731
4282
2606
2423
5164
4561
3126
5167
3576
3335
1988
5550
3611
4525
784
4084
4109
5309
5415
2984
2143
2443
3229
1821
1710
4770
4101
3834
5391
2270
5985
5135
781
4930
1017
353
4680
4562
5640
3083
5692
1388
247
557
2596
5468
5871
3935
2424
3821
731
4369
2417
903
2104
3728
2743
5826
3320
5624
2162
5704
2593
4263
820
4973
5916
4252
2123
5649
1914
3110
5908
6005
5095
3672
5816
5147
2745
2797
1581
3818
3143
4043
4720
2287
2188
2665
3752
2100
78
2412
4367
239
4528
5067
2042
1893
4491
2253
2298
4949
4115
1593
722
212
1318
5059
5536
1447
4460
4989
5554
3085
2704
2535
2637
4360
2600
3812
2736
2883
1883
3540
2819
4940
1614
6035
5893
5779
3177
4469
3097
1602
4418
932
3657
4377
336
1594
238
503
5678
4557
4921
4753
4188
4238
5024
1312
4276
1653
2964
4701
5824
4691
3897
1330
5639
1427
5907
2391
4420
1335
1981
2653
2182
5909
5558
5171
4149
1956
749
3572
3388
5037
1397
5884
3379
5401
4546
1676
3679
2281
5326
2683
4505
1886
3809
5882
4635
5221
2846
2559
4113
2812
5011
5999
2174
3906
1133
4812
24
4341
1256
3015
2314
3343
1639
4355
4545
4150
2405
3959
5446
2273
5859
2828
2256
1887
726
413
1465
3253
4509
3777
1345
2915
1900
4340
2791
3171
2064
2277
3625
3565
3001
2436
3369
3262
1735
1834
5089
5635
2229
4065
2334
2119
3716
2662
4980
899
3163
4915
3092
5342
3119
5086
2765
2468
1555
198
5658
2455
927
4699
2703
4457
2863
954
4723
682
4479
2560
1507
2222
1928
3920
362
5373
5905
109
5932
1241
3858
1711
3322
5063
5744
4237
4182
3978
3814
3498
2396
4609
234
2873
5266
4838
1504
5965
5853
4802
4693
2937
1046
5897
1788
2953
3499
5133
4106
6031
5108
2907
4073
4737
5820
5202
924
2387
5375
4775
6006
5111
4166
1042
5104
3793
1298
2549
6090
4459
6122
4523
2946
5769
1224
2347
5069
3078
4064
5478
4027
5268
2728
4004
1891
2989
5986
1143
2126
2466
3197
4589
2048
4695
2155
4996
3218
5883
3138
1663
4163
4125
4925
4501
2394
1010
1449
4559
3827
1999
5314
1865
2009
5283
3013
2154
5925
570
2520
1415
4900
5922
2390
6037
2831
5700
3894
3697
327
5407
5957
4495
5245
1367
2899
2694
3334
2484
3934
2204
4724
5671
3902
3877
5543
707
4746
3751
1645
5239
1667
2957
3963
4638
4037
1278
5492
5626
5982
5648
224
1675
5630
5353
5165
5471
4121
6051
6116
5954
256
2676
4739
778
5741
3045
2925
3315
2877
4871
8
2159
4741
3537
5938
1304
5267
3597
3313
2919
5785
4903
5193
4298
520
5981
1331
1453
4414
5555
3099
3329
5987
4957
5392
4337
2755
2094
6081
3062
1837
3735
5376
5718
5645
5150
5493
2567
4816
1161
2820
1932
4712
1288
1936
164
4318
2800
5110
3268
5886
1275
4193
2439
2750
2749
5535
2833
12
2936
3281
4658
863
1626
2640
1538
3481
2813
549
4968
4554
5687
3870
3106
3724
2289
5339
4726
5682
5646
3204
4508
1535
5991
6032
988
5225
4834
1311
5052
5743
5568
2757
4880
5603
3554
4409
2492
5093
5230
2269
6050
142
3620
2544
4401
1861
1930
3066
1440
1145
2562
3039
2506
2378
1567
4817
5054
2168
3929
4442
1953
2608
4074
2260
1584
3633
5042
3303
5681
3225
4080
2070
4960
3743
5484
4721
6003
5969
780
4406
2782
4682
2151
4330
1024
3491
2502
5288
4539
3840
428
3775
4708
4791
515
414
930
1355
2735
4212
262
3768
4138
1492
1658
5953
4140
1014
3917
5426
3008
5915
2630
1568
3419
2809
5517
1020
5875
2116
2605
946
4752
1738
2304
4277
2724
2729
5442
5923
2658
5796
2645
597
6104
4948
397
2286
1632
539
4321
5788
2684
3678
1408
4102
4
2854
5534
5303
1976
2325
6054
837
5356
5784
1485
1242
2311
4733
5402
4788
5869
868
2969
110
5759
654
4071
5077
4697
2459
5462
3185
2714
3355
1840
1751
4674
4159
5691
2891
194
2177
4923
4867
2344
5872
1760
5756
3863
2107
2944
5312
681
5807
1774
1781
3590
1730
5673
1509
5088
3670
805
3257
5730
190
5960
2582
2844
419
1541
5657
4038
3352
893
4477
1019
5844
2510
1319
2814
5912
3444
1506
2982
5776
4852
2905
4351
2357
1222
5398
3446
1403
1761
6062
4581
5672
4943
4310
2128
3951
4306
746
5455
2967
5137
5450
2108
3050
2692
2669
6045
1303
5829
4526
5525
2968
3150
5440
4913
4278
5967
786
3726
5119
2255
4022
5997
2759
3505
3983
1631
3065
3766
4186
5740
5354
3659
1134
5632
1182
3515
4003
5670
2808
5055
3382
1908
1905
3280
2416
20
5633
1354
4075
2740
5313
3648
6056
3924
3014
3970
1002
5710
5274
1974
4947
3162
6115
2115
3121
5323
4833
282
5751
1799
1902
483
6074
5301
2176
1193
5528
5727
4013
2875
4886
135
3292
3011
5644
1346
4123
4725
5184
3442
1339
5834
2648
1707
3503
4137
502
4201
1859
2163
4896
1252
6067
5775
5477
4285
4014
4421
4220
5880
3608
3626
3848
4572
248
2169
2491
5933
4560
5951
535
3797
2541
4778
4639
5828
4666
3131
4451
5157
5026
3557
4866
4758
200
2245
5757
5901
3152
5285
3354
3882
2856
1210
4126
4295
3911
3676
2591
3892
3290
933
2223
4379
4052
3571
3467
389
2196
249
2869
3969
5105
4223
4686
4026
4300