100
171
150
116
263
77
71
89
213
26
152
122
178
93
252
59
79
52
94
258
165
78
90
222
68
7
143
131
151
65
255
200
53
180
84
107
196
11
166
19
183
197
243
267
63
58
104
174
256
275
155
205
123
118
244
268
48
98
9
62
127
182
28
46
271
17
218
272
97
211
135
226
103
145
236
83
138
22
34
216
101
232
249
12
85
76
120
164
110
43
173
142
220
35
121
246
50
153
64
192
51
273
36
55
91
139
161
176
184
201
210
231
106
215
202
177
141
80
24
57
16
8
224
212
227
237
257
282
280
254
29
102
137
128
146
278
31
21
223
245
259
125
217
270
61
108
167
209
248
126
66
228
87
274
154
30
239
203
190
86
40
44
14
198
277
25
144
260
15
4
82
60
181
219
18
20
240
67
37
160
230
238
33
170
3
124
148
250
99
134
42
158
39
117
147
194
251
235
129
27
168
32
45
10
6
221
187
69
96
241
281
188
105
119
5
191
204
115
49
229
95
109
175
38
41
149
179
264
56
132
112
185
73
13
195
130
47
72
208
133
253
206
225
262
81
111
279
242
265
1
92
114
157
136
172
162
193
23
2
113
88
186
169
189
247
266
276
159
234
163
214
269
140
70
207
54
74
75
199
156
261
233